Canonical specification for a deterministic medium-level graph coloring instance.

Interpretation:
- The graph is undirected and simple.
- Each vertex must receive exactly one color.
- Adjacent vertices must not share the same color.
- This is a decision K-colorability instance with a fixed number of available colors.
- There are no directed edges, hyperedges, or symmetry-breaking constraints.

Sets:
- Vertices V = [1, 2, 3, 4, 5, 6, 7, 8, 9, 10, 11, 12, 13, 14, 15, 16, 17, 18, 19, 20, 21, 22, 23, 24, 25, 26, 27]
- Colors K = [1, 2, 3, 4, 5, 6]

Parameters:
- number_of_vertices = 27
- number_of_colors_available = 6
- chromatic_number = 6
- graph_density = 0.4644
- topology_type = clustered_community_graph

Edge set E:
- (1, 4)
- (1, 5)
- (1, 8)
- (1, 10)
- (1, 12)
- (1, 13)
- (1, 18)
- (1, 20)
- (1, 23)
- (1, 24)
- (1, 25)
- (1, 26)
- (1, 27)
- (2, 7)
- (2, 9)
- (2, 12)
- (2, 13)
- (2, 15)
- (2, 16)
- (2, 18)
- (2, 19)
- (2, 20)
- (2, 22)
- (2, 23)
- (2, 27)
- (3, 4)
- (3, 5)
- (3, 6)
- (3, 9)
- (3, 10)
- (3, 15)
- (3, 17)
- (3, 18)
- (3, 19)
- (3, 20)
- (4, 5)
- (4, 6)
- (4, 11)
- (4, 12)
- (4, 13)
- (4, 14)
- (4, 16)
- (4, 18)
- (4, 19)
- (4, 20)
- (4, 24)
- (4, 26)
- (4, 27)
- (5, 6)
- (5, 7)
- (5, 12)
- (5, 13)
- (5, 15)
- (5, 18)
- (5, 19)
- (5, 20)
- (5, 21)
- (5, 24)
- (5, 25)
- (5, 27)
- (6, 11)
- (6, 13)
- (6, 17)
- (6, 19)
- (6, 21)
- (6, 22)
- (6, 24)
- (6, 27)
- (7, 10)
- (7, 11)
- (7, 12)
- (7, 15)
- (7, 17)
- (7, 18)
- (7, 19)
- (7, 20)
- (7, 25)
- (7, 26)
- (8, 9)
- (8, 11)
- (8, 12)
- (8, 15)
- (8, 16)
- (8, 17)
- (8, 18)
- (8, 20)
- (8, 21)
- (8, 23)
- (9, 12)
- (9, 13)
- (9, 21)
- (9, 22)
- (9, 24)
- (10, 11)
- (10, 12)
- (10, 13)
- (10, 14)
- (10, 15)
- (10, 17)
- (10, 22)
- (10, 25)
- (11, 13)
- (11, 19)
- (11, 21)
- (11, 22)
- (11, 25)
- (12, 15)
- (12, 17)
- (12, 19)
- (12, 20)
- (12, 21)
- (12, 22)
- (12, 25)
- (13, 14)
- (13, 16)
- (13, 17)
- (13, 18)
- (13, 20)
- (13, 22)
- (13, 26)
- (14, 19)
- (14, 21)
- (14, 25)
- (14, 27)
- (15, 17)
- (15, 18)
- (15, 20)
- (15, 24)
- (15, 25)
- (15, 27)
- (16, 17)
- (16, 18)
- (16, 27)
- (17, 20)
- (17, 22)
- (17, 23)
- (17, 27)
- (18, 19)
- (18, 21)
- (18, 22)
- (18, 24)
- (18, 25)
- (18, 26)
- (18, 27)
- (19, 24)
- (19, 26)
- (19, 27)
- (20, 21)
- (20, 24)
- (20, 25)
- (21, 22)
- (21, 24)
- (21, 25)
- (21, 26)
- (22, 24)
- (22, 25)
- (22, 27)
- (24, 25)
- (24, 26)
- (24, 27)
- (25, 26)
- (25, 27)
- (26, 27)

Adjacency list:
- N(1) = [4, 5, 8, 10, 12, 13, 18, 20, 23, 24, 25, 26, 27]
- N(2) = [7, 9, 12, 13, 15, 16, 18, 19, 20, 22, 23, 27]
- N(3) = [4, 5, 6, 9, 10, 15, 17, 18, 19, 20]
- N(4) = [1, 3, 5, 6, 11, 12, 13, 14, 16, 18, 19, 20, 24, 26, 27]
- N(5) = [1, 3, 4, 6, 7, 12, 13, 15, 18, 19, 20, 21, 24, 25, 27]
- N(6) = [3, 4, 5, 11, 13, 17, 19, 21, 22, 24, 27]
- N(7) = [2, 5, 10, 11, 12, 15, 17, 18, 19, 20, 25, 26]
- N(8) = [1, 9, 11, 12, 15, 16, 17, 18, 20, 21, 23]
- N(9) = [2, 3, 8, 12, 13, 21, 22, 24]
- N(10) = [1, 3, 7, 11, 12, 13, 14, 15, 17, 22, 25]
- N(11) = [4, 6, 7, 8, 10, 13, 19, 21, 22, 25]
- N(12) = [1, 2, 4, 5, 7, 8, 9, 10, 15, 17, 19, 20, 21, 22, 25]
- N(13) = [1, 2, 4, 5, 6, 9, 10, 11, 14, 16, 17, 18, 20, 22, 26]
- N(14) = [4, 10, 13, 19, 21, 25, 27]
- N(15) = [2, 3, 5, 7, 8, 10, 12, 17, 18, 20, 24, 25, 27]
- N(16) = [2, 4, 8, 13, 17, 18, 27]
- N(17) = [3, 6, 7, 8, 10, 12, 13, 15, 16, 20, 22, 23, 27]
- N(18) = [1, 2, 3, 4, 5, 7, 8, 13, 15, 16, 19, 21, 22, 24, 25, 26, 27]
- N(19) = [2, 3, 4, 5, 6, 7, 11, 12, 14, 18, 24, 26, 27]
- N(20) = [1, 2, 3, 4, 5, 7, 8, 12, 13, 15, 17, 21, 24, 25]
- N(21) = [5, 6, 8, 9, 11, 12, 14, 18, 20, 22, 24, 25, 26]
- N(22) = [2, 6, 9, 10, 11, 12, 13, 17, 18, 21, 24, 25, 27]
- N(23) = [1, 2, 8, 17]
- N(24) = [1, 4, 5, 6, 9, 15, 18, 19, 20, 21, 22, 25, 26, 27]
- N(25) = [1, 5, 7, 10, 11, 12, 14, 15, 18, 20, 21, 22, 24, 26, 27]
- N(26) = [1, 4, 7, 13, 18, 19, 21, 24, 25, 27]
- N(27) = [1, 2, 4, 5, 6, 14, 15, 16, 17, 18, 19, 22, 24, 25, 26]

Adjacency matrix rows (0/1 form, with diagonal omitted from constraints):
- row 1: [0, 0, 0, 1, 1, 0, 0, 1, 0, 1, 0, 1, 1, 0, 0, 0, 0, 1, 0, 1, 0, 0, 1, 1, 1, 1, 1]
- row 2: [0, 0, 0, 0, 0, 0, 1, 0, 1, 0, 0, 1, 1, 0, 1, 1, 0, 1, 1, 1, 0, 1, 1, 0, 0, 0, 1]
- row 3: [0, 0, 0, 1, 1, 1, 0, 0, 1, 1, 0, 0, 0, 0, 1, 0, 1, 1, 1, 1, 0, 0, 0, 0, 0, 0, 0]
- row 4: [1, 0, 1, 0, 1, 1, 0, 0, 0, 0, 1, 1, 1, 1, 0, 1, 0, 1, 1, 1, 0, 0, 0, 1, 0, 1, 1]
- row 5: [1, 0, 1, 1, 0, 1, 1, 0, 0, 0, 0, 1, 1, 0, 1, 0, 0, 1, 1, 1, 1, 0, 0, 1, 1, 0, 1]
- row 6: [0, 0, 1, 1, 1, 0, 0, 0, 0, 0, 1, 0, 1, 0, 0, 0, 1, 0, 1, 0, 1, 1, 0, 1, 0, 0, 1]
- row 7: [0, 1, 0, 0, 1, 0, 0, 0, 0, 1, 1, 1, 0, 0, 1, 0, 1, 1, 1, 1, 0, 0, 0, 0, 1, 1, 0]
- row 8: [1, 0, 0, 0, 0, 0, 0, 0, 1, 0, 1, 1, 0, 0, 1, 1, 1, 1, 0, 1, 1, 0, 1, 0, 0, 0, 0]
- row 9: [0, 1, 1, 0, 0, 0, 0, 1, 0, 0, 0, 1, 1, 0, 0, 0, 0, 0, 0, 0, 1, 1, 0, 1, 0, 0, 0]
- row 10: [1, 0, 1, 0, 0, 0, 1, 0, 0, 0, 1, 1, 1, 1, 1, 0, 1, 0, 0, 0, 0, 1, 0, 0, 1, 0, 0]
- row 11: [0, 0, 0, 1, 0, 1, 1, 1, 0, 1, 0, 0, 1, 0, 0, 0, 0, 0, 1, 0, 1, 1, 0, 0, 1, 0, 0]
- row 12: [1, 1, 0, 1, 1, 0, 1, 1, 1, 1, 0, 0, 0, 0, 1, 0, 1, 0, 1, 1, 1, 1, 0, 0, 1, 0, 0]
- row 13: [1, 1, 0, 1, 1, 1, 0, 0, 1, 1, 1, 0, 0, 1, 0, 1, 1, 1, 0, 1, 0, 1, 0, 0, 0, 1, 0]
- row 14: [0, 0, 0, 1, 0, 0, 0, 0, 0, 1, 0, 0, 1, 0, 0, 0, 0, 0, 1, 0, 1, 0, 0, 0, 1, 0, 1]
- row 15: [0, 1, 1, 0, 1, 0, 1, 1, 0, 1, 0, 1, 0, 0, 0, 0, 1, 1, 0, 1, 0, 0, 0, 1, 1, 0, 1]
- row 16: [0, 1, 0, 1, 0, 0, 0, 1, 0, 0, 0, 0, 1, 0, 0, 0, 1, 1, 0, 0, 0, 0, 0, 0, 0, 0, 1]
- row 17: [0, 0, 1, 0, 0, 1, 1, 1, 0, 1, 0, 1, 1, 0, 1, 1, 0, 0, 0, 1, 0, 1, 1, 0, 0, 0, 1]
- row 18: [1, 1, 1, 1, 1, 0, 1, 1, 0, 0, 0, 0, 1, 0, 1, 1, 0, 0, 1, 0, 1, 1, 0, 1, 1, 1, 1]
- row 19: [0, 1, 1, 1, 1, 1, 1, 0, 0, 0, 1, 1, 0, 1, 0, 0, 0, 1, 0, 0, 0, 0, 0, 1, 0, 1, 1]
- row 20: [1, 1, 1, 1, 1, 0, 1, 1, 0, 0, 0, 1, 1, 0, 1, 0, 1, 0, 0, 0, 1, 0, 0, 1, 1, 0, 0]
- row 21: [0, 0, 0, 0, 1, 1, 0, 1, 1, 0, 1, 1, 0, 1, 0, 0, 0, 1, 0, 1, 0, 1, 0, 1, 1, 1, 0]
- row 22: [0, 1, 0, 0, 0, 1, 0, 0, 1, 1, 1, 1, 1, 0, 0, 0, 1, 1, 0, 0, 1, 0, 0, 1, 1, 0, 1]
- row 23: [1, 1, 0, 0, 0, 0, 0, 1, 0, 0, 0, 0, 0, 0, 0, 0, 1, 0, 0, 0, 0, 0, 0, 0, 0, 0, 0]
- row 24: [1, 0, 0, 1, 1, 1, 0, 0, 1, 0, 0, 0, 0, 0, 1, 0, 0, 1, 1, 1, 1, 1, 0, 0, 1, 1, 1]
- row 25: [1, 0, 0, 0, 1, 0, 1, 0, 0, 1, 1, 1, 0, 1, 1, 0, 0, 1, 0, 1, 1, 1, 0, 1, 0, 1, 1]
- row 26: [1, 0, 0, 1, 0, 0, 1, 0, 0, 0, 0, 0, 1, 0, 0, 0, 0, 1, 1, 0, 1, 0, 0, 1, 1, 0, 1]
- row 27: [1, 1, 0, 1, 1, 1, 0, 0, 0, 0, 0, 0, 0, 1, 1, 1, 1, 1, 1, 0, 0, 1, 0, 1, 1, 1, 0]

Decision variables:
- x[v,k] in {0,1}: equals 1 if vertex v is assigned color k, and 0 otherwise.

Objective:
- Determine whether a feasible coloring exists using at most K = 6 colors.

Constraints:
- For every vertex v in V, exactly one color must be assigned: sum_k x[v,k] = 1.
- For every edge (u,v) in E and every color k in K, adjacent vertices cannot share the same color: x[u,k] + x[v,k] <= 1.
- All decision variables are binary.

Metadata:
- seed=7302
- group=A
- graph_generator=overlap_clique_feasible
- visual_type=adjacency_matrix
- formulation_size=1167
- task_variant=decision
- max_clique_size=6
- degeneracy=9

Visual interpretation:
- The figure is a square adjacency matrix indexed by numeric vertex identifiers.
- Black off-diagonal cells indicate edges and white off-diagonal cells indicate non-edges.
- Grey diagonal cells only mark self-reference positions and do not represent constraints.
- The visual reveals the full graph structure and all variant-specific public parameters, but it does not reveal a valid coloring assignment.
