Canonical specification for a deterministic medium-level graph coloring instance.

Interpretation:
- The graph is undirected and simple.
- Each vertex must receive exactly one color.
- Adjacent vertices must not share the same color.
- This is a decision K-colorability instance with a fixed number of available colors.
- There are no directed edges, hyperedges, or symmetry-breaking constraints.

Sets:
- Vertices V = [1, 2, 3, 4, 5, 6, 7, 8, 9, 10, 11, 12, 13, 14, 15, 16, 17, 18, 19, 20, 21, 22, 23, 24, 25, 26, 27, 28, 29, 30, 31, 32, 33, 34, 35, 36, 37, 38]
- Colors K = [1, 2, 3, 4, 5, 6, 7, 8, 9]

Parameters:
- number_of_vertices = 38
- number_of_colors_available = 9
- chromatic_number = 9
- graph_density = 0.4851
- topology_type = embedded_odd_clique_graph

Edge set E:
- (1, 2)
- (1, 4)
- (1, 9)
- (1, 12)
- (1, 16)
- (1, 17)
- (1, 24)
- (1, 25)
- (1, 26)
- (1, 27)
- (1, 28)
- (1, 29)
- (2, 3)
- (2, 5)
- (2, 9)
- (2, 11)
- (2, 13)
- (2, 14)
- (2, 16)
- (2, 21)
- (2, 23)
- (2, 24)
- (2, 26)
- (2, 27)
- (2, 33)
- (2, 34)
- (2, 38)
- (3, 5)
- (3, 9)
- (3, 10)
- (3, 14)
- (3, 16)
- (3, 19)
- (3, 21)
- (3, 23)
- (3, 28)
- (3, 29)
- (3, 30)
- (3, 32)
- (3, 35)
- (3, 38)
- (4, 5)
- (4, 6)
- (4, 9)
- (4, 10)
- (4, 11)
- (4, 12)
- (4, 14)
- (4, 15)
- (4, 16)
- (4, 17)
- (4, 18)
- (4, 22)
- (4, 23)
- (4, 25)
- (4, 26)
- (4, 28)
- (4, 30)
- (4, 31)
- (4, 32)
- (4, 34)
- (4, 35)
- (4, 37)
- (5, 10)
- (5, 11)
- (5, 14)
- (5, 21)
- (5, 22)
- (5, 24)
- (5, 25)
- (5, 27)
- (5, 29)
- (5, 32)
- (5, 33)
- (5, 35)
- (5, 36)
- (5, 37)
- (5, 38)
- (6, 7)
- (6, 10)
- (6, 13)
- (6, 17)
- (6, 18)
- (6, 19)
- (6, 20)
- (6, 21)
- (6, 22)
- (6, 23)
- (6, 24)
- (6, 25)
- (6, 27)
- (6, 30)
- (6, 32)
- (6, 33)
- (6, 35)
- (6, 36)
- (6, 38)
- (7, 9)
- (7, 12)
- (7, 13)
- (7, 14)
- (7, 15)
- (7, 18)
- (7, 19)
- (7, 20)
- (7, 21)
- (7, 23)
- (7, 25)
- (7, 26)
- (7, 27)
- (7, 28)
- (7, 32)
- (7, 33)
- (7, 36)
- (7, 37)
- (7, 38)
- (8, 9)
- (8, 10)
- (8, 11)
- (8, 12)
- (8, 13)
- (8, 17)
- (8, 18)
- (8, 20)
- (8, 22)
- (8, 23)
- (8, 30)
- (8, 31)
- (8, 36)
- (8, 38)
- (9, 12)
- (9, 13)
- (9, 16)
- (9, 18)
- (9, 20)
- (9, 21)
- (9, 26)
- (9, 27)
- (9, 29)
- (9, 31)
- (9, 33)
- (9, 35)
- (9, 37)
- (10, 11)
- (10, 14)
- (10, 15)
- (10, 16)
- (10, 17)
- (10, 18)
- (10, 20)
- (10, 25)
- (10, 26)
- (10, 28)
- (10, 30)
- (10, 33)
- (10, 34)
- (10, 35)
- (11, 13)
- (11, 14)
- (11, 16)
- (11, 18)
- (11, 20)
- (11, 22)
- (11, 24)
- (11, 25)
- (11, 26)
- (11, 27)
- (11, 29)
- (11, 30)
- (11, 32)
- (11, 34)
- (11, 38)
- (12, 13)
- (12, 18)
- (12, 19)
- (12, 20)
- (12, 21)
- (12, 23)
- (12, 24)
- (12, 26)
- (12, 27)
- (12, 28)
- (12, 29)
- (12, 32)
- (12, 35)
- (12, 36)
- (12, 37)
- (12, 38)
- (13, 14)
- (13, 17)
- (13, 20)
- (13, 23)
- (13, 25)
- (13, 28)
- (13, 30)
- (13, 31)
- (13, 32)
- (13, 33)
- (13, 36)
- (13, 37)
- (13, 38)
- (14, 15)
- (14, 16)
- (14, 17)
- (14, 18)
- (14, 23)
- (14, 24)
- (14, 26)
- (14, 27)
- (14, 30)
- (14, 31)
- (14, 34)
- (14, 36)
- (14, 37)
- (14, 38)
- (15, 21)
- (15, 27)
- (15, 28)
- (15, 33)
- (15, 35)
- (15, 38)
- (16, 18)
- (16, 22)
- (16, 23)
- (16, 25)
- (16, 26)
- (16, 29)
- (16, 30)
- (16, 31)
- (16, 32)
- (16, 33)
- (16, 34)
- (16, 35)
- (16, 37)
- (16, 38)
- (17, 18)
- (17, 19)
- (17, 20)
- (17, 21)
- (17, 25)
- (17, 26)
- (17, 27)
- (17, 31)
- (17, 32)
- (17, 33)
- (17, 35)
- (17, 36)
- (17, 37)
- (18, 24)
- (18, 26)
- (18, 27)
- (18, 30)
- (18, 31)
- (18, 34)
- (19, 23)
- (19, 27)
- (19, 28)
- (19, 29)
- (19, 30)
- (19, 33)
- (19, 34)
- (19, 36)
- (19, 38)
- (20, 22)
- (20, 23)
- (20, 25)
- (20, 26)
- (20, 29)
- (20, 30)
- (20, 32)
- (20, 33)
- (20, 36)
- (20, 38)
- (21, 23)
- (21, 30)
- (21, 32)
- (21, 33)
- (21, 34)
- (21, 35)
- (21, 36)
- (21, 37)
- (22, 24)
- (22, 26)
- (22, 29)
- (22, 31)
- (22, 34)
- (22, 35)
- (23, 24)
- (23, 25)
- (23, 28)
- (23, 30)
- (23, 32)
- (23, 33)
- (23, 38)
- (24, 26)
- (24, 31)
- (24, 35)
- (24, 37)
- (24, 38)
- (25, 26)
- (25, 29)
- (25, 32)
- (25, 33)
- (25, 38)
- (26, 28)
- (26, 29)
- (26, 30)
- (26, 34)
- (26, 37)
- (27, 29)
- (27, 33)
- (27, 34)
- (27, 36)
- (28, 35)
- (28, 37)
- (29, 32)
- (29, 34)
- (29, 37)
- (30, 31)
- (30, 32)
- (30, 34)
- (30, 35)
- (30, 38)
- (31, 32)
- (31, 33)
- (31, 34)
- (31, 36)
- (31, 37)
- (31, 38)
- (32, 33)
- (32, 34)
- (32, 36)
- (32, 37)
- (32, 38)
- (33, 35)
- (33, 36)
- (33, 37)
- (33, 38)
- (34, 35)
- (34, 38)
- (35, 37)

Adjacency list:
- N(1) = [2, 4, 9, 12, 16, 17, 24, 25, 26, 27, 28, 29]
- N(2) = [1, 3, 5, 9, 11, 13, 14, 16, 21, 23, 24, 26, 27, 33, 34, 38]
- N(3) = [2, 5, 9, 10, 14, 16, 19, 21, 23, 28, 29, 30, 32, 35, 38]
- N(4) = [1, 5, 6, 9, 10, 11, 12, 14, 15, 16, 17, 18, 22, 23, 25, 26, 28, 30, 31, 32, 34, 35, 37]
- N(5) = [2, 3, 4, 10, 11, 14, 21, 22, 24, 25, 27, 29, 32, 33, 35, 36, 37, 38]
- N(6) = [4, 7, 10, 13, 17, 18, 19, 20, 21, 22, 23, 24, 25, 27, 30, 32, 33, 35, 36, 38]
- N(7) = [6, 9, 12, 13, 14, 15, 18, 19, 20, 21, 23, 25, 26, 27, 28, 32, 33, 36, 37, 38]
- N(8) = [9, 10, 11, 12, 13, 17, 18, 20, 22, 23, 30, 31, 36, 38]
- N(9) = [1, 2, 3, 4, 7, 8, 12, 13, 16, 18, 20, 21, 26, 27, 29, 31, 33, 35, 37]
- N(10) = [3, 4, 5, 6, 8, 11, 14, 15, 16, 17, 18, 20, 25, 26, 28, 30, 33, 34, 35]
- N(11) = [2, 4, 5, 8, 10, 13, 14, 16, 18, 20, 22, 24, 25, 26, 27, 29, 30, 32, 34, 38]
- N(12) = [1, 4, 7, 8, 9, 13, 18, 19, 20, 21, 23, 24, 26, 27, 28, 29, 32, 35, 36, 37, 38]
- N(13) = [2, 6, 7, 8, 9, 11, 12, 14, 17, 20, 23, 25, 28, 30, 31, 32, 33, 36, 37, 38]
- N(14) = [2, 3, 4, 5, 7, 10, 11, 13, 15, 16, 17, 18, 23, 24, 26, 27, 30, 31, 34, 36, 37, 38]
- N(15) = [4, 7, 10, 14, 21, 27, 28, 33, 35, 38]
- N(16) = [1, 2, 3, 4, 9, 10, 11, 14, 18, 22, 23, 25, 26, 29, 30, 31, 32, 33, 34, 35, 37, 38]
- N(17) = [1, 4, 6, 8, 10, 13, 14, 18, 19, 20, 21, 25, 26, 27, 31, 32, 33, 35, 36, 37]
- N(18) = [4, 6, 7, 8, 9, 10, 11, 12, 14, 16, 17, 24, 26, 27, 30, 31, 34]
- N(19) = [3, 6, 7, 12, 17, 23, 27, 28, 29, 30, 33, 34, 36, 38]
- N(20) = [6, 7, 8, 9, 10, 11, 12, 13, 17, 22, 23, 25, 26, 29, 30, 32, 33, 36, 38]
- N(21) = [2, 3, 5, 6, 7, 9, 12, 15, 17, 23, 30, 32, 33, 34, 35, 36, 37]
- N(22) = [4, 5, 6, 8, 11, 16, 20, 24, 26, 29, 31, 34, 35]
- N(23) = [2, 3, 4, 6, 7, 8, 12, 13, 14, 16, 19, 20, 21, 24, 25, 28, 30, 32, 33, 38]
- N(24) = [1, 2, 5, 6, 11, 12, 14, 18, 22, 23, 26, 31, 35, 37, 38]
- N(25) = [1, 4, 5, 6, 7, 10, 11, 13, 16, 17, 20, 23, 26, 29, 32, 33, 38]
- N(26) = [1, 2, 4, 7, 9, 10, 11, 12, 14, 16, 17, 18, 20, 22, 24, 25, 28, 29, 30, 34, 37]
- N(27) = [1, 2, 5, 6, 7, 9, 11, 12, 14, 15, 17, 18, 19, 29, 33, 34, 36]
- N(28) = [1, 3, 4, 7, 10, 12, 13, 15, 19, 23, 26, 35, 37]
- N(29) = [1, 3, 5, 9, 11, 12, 16, 19, 20, 22, 25, 26, 27, 32, 34, 37]
- N(30) = [3, 4, 6, 8, 10, 11, 13, 14, 16, 18, 19, 20, 21, 23, 26, 31, 32, 34, 35, 38]
- N(31) = [4, 8, 9, 13, 14, 16, 17, 18, 22, 24, 30, 32, 33, 34, 36, 37, 38]
- N(32) = [3, 4, 5, 6, 7, 11, 12, 13, 16, 17, 20, 21, 23, 25, 29, 30, 31, 33, 34, 36, 37, 38]
- N(33) = [2, 5, 6, 7, 9, 10, 13, 15, 16, 17, 19, 20, 21, 23, 25, 27, 31, 32, 35, 36, 37, 38]
- N(34) = [2, 4, 10, 11, 14, 16, 18, 19, 21, 22, 26, 27, 29, 30, 31, 32, 35, 38]
- N(35) = [3, 4, 5, 6, 9, 10, 12, 15, 16, 17, 21, 22, 24, 28, 30, 33, 34, 37]
- N(36) = [5, 6, 7, 8, 12, 13, 14, 17, 19, 20, 21, 27, 31, 32, 33]
- N(37) = [4, 5, 7, 9, 12, 13, 14, 16, 17, 21, 24, 26, 28, 29, 31, 32, 33, 35]
- N(38) = [2, 3, 5, 6, 7, 8, 11, 12, 13, 14, 15, 16, 19, 20, 23, 24, 25, 30, 31, 32, 33, 34]

Adjacency matrix rows (0/1 form, with diagonal omitted from constraints):
- row 1: [0, 1, 0, 1, 0, 0, 0, 0, 1, 0, 0, 1, 0, 0, 0, 1, 1, 0, 0, 0, 0, 0, 0, 1, 1, 1, 1, 1, 1, 0, 0, 0, 0, 0, 0, 0, 0, 0]
- row 2: [1, 0, 1, 0, 1, 0, 0, 0, 1, 0, 1, 0, 1, 1, 0, 1, 0, 0, 0, 0, 1, 0, 1, 1, 0, 1, 1, 0, 0, 0, 0, 0, 1, 1, 0, 0, 0, 1]
- row 3: [0, 1, 0, 0, 1, 0, 0, 0, 1, 1, 0, 0, 0, 1, 0, 1, 0, 0, 1, 0, 1, 0, 1, 0, 0, 0, 0, 1, 1, 1, 0, 1, 0, 0, 1, 0, 0, 1]
- row 4: [1, 0, 0, 0, 1, 1, 0, 0, 1, 1, 1, 1, 0, 1, 1, 1, 1, 1, 0, 0, 0, 1, 1, 0, 1, 1, 0, 1, 0, 1, 1, 1, 0, 1, 1, 0, 1, 0]
- row 5: [0, 1, 1, 1, 0, 0, 0, 0, 0, 1, 1, 0, 0, 1, 0, 0, 0, 0, 0, 0, 1, 1, 0, 1, 1, 0, 1, 0, 1, 0, 0, 1, 1, 0, 1, 1, 1, 1]
- row 6: [0, 0, 0, 1, 0, 0, 1, 0, 0, 1, 0, 0, 1, 0, 0, 0, 1, 1, 1, 1, 1, 1, 1, 1, 1, 0, 1, 0, 0, 1, 0, 1, 1, 0, 1, 1, 0, 1]
- row 7: [0, 0, 0, 0, 0, 1, 0, 0, 1, 0, 0, 1, 1, 1, 1, 0, 0, 1, 1, 1, 1, 0, 1, 0, 1, 1, 1, 1, 0, 0, 0, 1, 1, 0, 0, 1, 1, 1]
- row 8: [0, 0, 0, 0, 0, 0, 0, 0, 1, 1, 1, 1, 1, 0, 0, 0, 1, 1, 0, 1, 0, 1, 1, 0, 0, 0, 0, 0, 0, 1, 1, 0, 0, 0, 0, 1, 0, 1]
- row 9: [1, 1, 1, 1, 0, 0, 1, 1, 0, 0, 0, 1, 1, 0, 0, 1, 0, 1, 0, 1, 1, 0, 0, 0, 0, 1, 1, 0, 1, 0, 1, 0, 1, 0, 1, 0, 1, 0]
- row 10: [0, 0, 1, 1, 1, 1, 0, 1, 0, 0, 1, 0, 0, 1, 1, 1, 1, 1, 0, 1, 0, 0, 0, 0, 1, 1, 0, 1, 0, 1, 0, 0, 1, 1, 1, 0, 0, 0]
- row 11: [0, 1, 0, 1, 1, 0, 0, 1, 0, 1, 0, 0, 1, 1, 0, 1, 0, 1, 0, 1, 0, 1, 0, 1, 1, 1, 1, 0, 1, 1, 0, 1, 0, 1, 0, 0, 0, 1]
- row 12: [1, 0, 0, 1, 0, 0, 1, 1, 1, 0, 0, 0, 1, 0, 0, 0, 0, 1, 1, 1, 1, 0, 1, 1, 0, 1, 1, 1, 1, 0, 0, 1, 0, 0, 1, 1, 1, 1]
- row 13: [0, 1, 0, 0, 0, 1, 1, 1, 1, 0, 1, 1, 0, 1, 0, 0, 1, 0, 0, 1, 0, 0, 1, 0, 1, 0, 0, 1, 0, 1, 1, 1, 1, 0, 0, 1, 1, 1]
- row 14: [0, 1, 1, 1, 1, 0, 1, 0, 0, 1, 1, 0, 1, 0, 1, 1, 1, 1, 0, 0, 0, 0, 1, 1, 0, 1, 1, 0, 0, 1, 1, 0, 0, 1, 0, 1, 1, 1]
- row 15: [0, 0, 0, 1, 0, 0, 1, 0, 0, 1, 0, 0, 0, 1, 0, 0, 0, 0, 0, 0, 1, 0, 0, 0, 0, 0, 1, 1, 0, 0, 0, 0, 1, 0, 1, 0, 0, 1]
- row 16: [1, 1, 1, 1, 0, 0, 0, 0, 1, 1, 1, 0, 0, 1, 0, 0, 0, 1, 0, 0, 0, 1, 1, 0, 1, 1, 0, 0, 1, 1, 1, 1, 1, 1, 1, 0, 1, 1]
- row 17: [1, 0, 0, 1, 0, 1, 0, 1, 0, 1, 0, 0, 1, 1, 0, 0, 0, 1, 1, 1, 1, 0, 0, 0, 1, 1, 1, 0, 0, 0, 1, 1, 1, 0, 1, 1, 1, 0]
- row 18: [0, 0, 0, 1, 0, 1, 1, 1, 1, 1, 1, 1, 0, 1, 0, 1, 1, 0, 0, 0, 0, 0, 0, 1, 0, 1, 1, 0, 0, 1, 1, 0, 0, 1, 0, 0, 0, 0]
- row 19: [0, 0, 1, 0, 0, 1, 1, 0, 0, 0, 0, 1, 0, 0, 0, 0, 1, 0, 0, 0, 0, 0, 1, 0, 0, 0, 1, 1, 1, 1, 0, 0, 1, 1, 0, 1, 0, 1]
- row 20: [0, 0, 0, 0, 0, 1, 1, 1, 1, 1, 1, 1, 1, 0, 0, 0, 1, 0, 0, 0, 0, 1, 1, 0, 1, 1, 0, 0, 1, 1, 0, 1, 1, 0, 0, 1, 0, 1]
- row 21: [0, 1, 1, 0, 1, 1, 1, 0, 1, 0, 0, 1, 0, 0, 1, 0, 1, 0, 0, 0, 0, 0, 1, 0, 0, 0, 0, 0, 0, 1, 0, 1, 1, 1, 1, 1, 1, 0]
- row 22: [0, 0, 0, 1, 1, 1, 0, 1, 0, 0, 1, 0, 0, 0, 0, 1, 0, 0, 0, 1, 0, 0, 0, 1, 0, 1, 0, 0, 1, 0, 1, 0, 0, 1, 1, 0, 0, 0]
- row 23: [0, 1, 1, 1, 0, 1, 1, 1, 0, 0, 0, 1, 1, 1, 0, 1, 0, 0, 1, 1, 1, 0, 0, 1, 1, 0, 0, 1, 0, 1, 0, 1, 1, 0, 0, 0, 0, 1]
- row 24: [1, 1, 0, 0, 1, 1, 0, 0, 0, 0, 1, 1, 0, 1, 0, 0, 0, 1, 0, 0, 0, 1, 1, 0, 0, 1, 0, 0, 0, 0, 1, 0, 0, 0, 1, 0, 1, 1]
- row 25: [1, 0, 0, 1, 1, 1, 1, 0, 0, 1, 1, 0, 1, 0, 0, 1, 1, 0, 0, 1, 0, 0, 1, 0, 0, 1, 0, 0, 1, 0, 0, 1, 1, 0, 0, 0, 0, 1]
- row 26: [1, 1, 0, 1, 0, 0, 1, 0, 1, 1, 1, 1, 0, 1, 0, 1, 1, 1, 0, 1, 0, 1, 0, 1, 1, 0, 0, 1, 1, 1, 0, 0, 0, 1, 0, 0, 1, 0]
- row 27: [1, 1, 0, 0, 1, 1, 1, 0, 1, 0, 1, 1, 0, 1, 1, 0, 1, 1, 1, 0, 0, 0, 0, 0, 0, 0, 0, 0, 1, 0, 0, 0, 1, 1, 0, 1, 0, 0]
- row 28: [1, 0, 1, 1, 0, 0, 1, 0, 0, 1, 0, 1, 1, 0, 1, 0, 0, 0, 1, 0, 0, 0, 1, 0, 0, 1, 0, 0, 0, 0, 0, 0, 0, 0, 1, 0, 1, 0]
- row 29: [1, 0, 1, 0, 1, 0, 0, 0, 1, 0, 1, 1, 0, 0, 0, 1, 0, 0, 1, 1, 0, 1, 0, 0, 1, 1, 1, 0, 0, 0, 0, 1, 0, 1, 0, 0, 1, 0]
- row 30: [0, 0, 1, 1, 0, 1, 0, 1, 0, 1, 1, 0, 1, 1, 0, 1, 0, 1, 1, 1, 1, 0, 1, 0, 0, 1, 0, 0, 0, 0, 1, 1, 0, 1, 1, 0, 0, 1]
- row 31: [0, 0, 0, 1, 0, 0, 0, 1, 1, 0, 0, 0, 1, 1, 0, 1, 1, 1, 0, 0, 0, 1, 0, 1, 0, 0, 0, 0, 0, 1, 0, 1, 1, 1, 0, 1, 1, 1]
- row 32: [0, 0, 1, 1, 1, 1, 1, 0, 0, 0, 1, 1, 1, 0, 0, 1, 1, 0, 0, 1, 1, 0, 1, 0, 1, 0, 0, 0, 1, 1, 1, 0, 1, 1, 0, 1, 1, 1]
- row 33: [0, 1, 0, 0, 1, 1, 1, 0, 1, 1, 0, 0, 1, 0, 1, 1, 1, 0, 1, 1, 1, 0, 1, 0, 1, 0, 1, 0, 0, 0, 1, 1, 0, 0, 1, 1, 1, 1]
- row 34: [0, 1, 0, 1, 0, 0, 0, 0, 0, 1, 1, 0, 0, 1, 0, 1, 0, 1, 1, 0, 1, 1, 0, 0, 0, 1, 1, 0, 1, 1, 1, 1, 0, 0, 1, 0, 0, 1]
- row 35: [0, 0, 1, 1, 1, 1, 0, 0, 1, 1, 0, 1, 0, 0, 1, 1, 1, 0, 0, 0, 1, 1, 0, 1, 0, 0, 0, 1, 0, 1, 0, 0, 1, 1, 0, 0, 1, 0]
- row 36: [0, 0, 0, 0, 1, 1, 1, 1, 0, 0, 0, 1, 1, 1, 0, 0, 1, 0, 1, 1, 1, 0, 0, 0, 0, 0, 1, 0, 0, 0, 1, 1, 1, 0, 0, 0, 0, 0]
- row 37: [0, 0, 0, 1, 1, 0, 1, 0, 1, 0, 0, 1, 1, 1, 0, 1, 1, 0, 0, 0, 1, 0, 0, 1, 0, 1, 0, 1, 1, 0, 1, 1, 1, 0, 1, 0, 0, 0]
- row 38: [0, 1, 1, 0, 1, 1, 1, 1, 0, 0, 1, 1, 1, 1, 1, 1, 0, 0, 1, 1, 0, 0, 1, 1, 1, 0, 0, 0, 0, 1, 1, 1, 1, 1, 0, 0, 0, 0]

Decision variables:
- x[v,k] in {0,1}: equals 1 if vertex v is assigned color k, and 0 otherwise.

Objective:
- Determine whether a feasible coloring exists using at most K = 9 colors.

Constraints:
- For every vertex v in V, exactly one color must be assigned: sum_k x[v,k] = 1.
- For every edge (u,v) in E and every color k in K, adjacent vertices cannot share the same color: x[u,k] + x[v,k] <= 1.
- All decision variables are binary.

Metadata:
- seed=7309
- group=C
- graph_generator=overlap_clique_feasible
- visual_type=adjacency_matrix
- formulation_size=3449
- task_variant=decision
- max_clique_size=9
- degeneracy=13

Visual interpretation:
- The figure is a square adjacency matrix indexed by numeric vertex identifiers.
- Black off-diagonal cells indicate edges and white off-diagonal cells indicate non-edges.
- Grey diagonal cells only mark self-reference positions and do not represent constraints.
- The visual reveals the full graph structure and all variant-specific public parameters, but it does not reveal a valid coloring assignment.
