Canonical specification for a deterministic medium-level graph coloring instance.

Interpretation:
- The graph is undirected and simple.
- Each vertex must receive exactly one color.
- Adjacent vertices must not share the same color.
- This is a decision K-colorability instance with a fixed number of available colors.
- There are no directed edges, hyperedges, or symmetry-breaking constraints.

Sets:
- Vertices V = [1, 2, 3, 4, 5, 6, 7, 8, 9, 10, 11, 12, 13, 14, 15, 16, 17, 18, 19, 20, 21, 22, 23, 24, 25, 26, 27, 28, 29, 30, 31, 32, 33, 34, 35]
- Colors K = [1, 2, 3, 4, 5, 6, 7, 8]

Parameters:
- number_of_vertices = 35
- number_of_colors_available = 8
- chromatic_number = 8
- graph_density = 0.4218
- topology_type = embedded_odd_clique_graph

Edge set E:
- (1, 5)
- (1, 8)
- (1, 10)
- (1, 11)
- (1, 12)
- (1, 14)
- (1, 15)
- (1, 17)
- (1, 20)
- (1, 23)
- (1, 24)
- (1, 26)
- (1, 33)
- (1, 34)
- (1, 35)
- (2, 3)
- (2, 4)
- (2, 7)
- (2, 12)
- (2, 13)
- (2, 15)
- (2, 17)
- (2, 20)
- (2, 21)
- (2, 22)
- (2, 24)
- (2, 32)
- (3, 4)
- (3, 5)
- (3, 6)
- (3, 8)
- (3, 10)
- (3, 12)
- (3, 14)
- (3, 15)
- (3, 16)
- (3, 17)
- (3, 18)
- (3, 19)
- (3, 22)
- (3, 23)
- (3, 30)
- (3, 31)
- (3, 33)
- (3, 34)
- (3, 35)
- (4, 5)
- (4, 9)
- (4, 11)
- (4, 13)
- (4, 15)
- (4, 16)
- (4, 18)
- (4, 19)
- (4, 23)
- (4, 30)
- (4, 31)
- (4, 32)
- (4, 33)
- (4, 34)
- (4, 35)
- (5, 7)
- (5, 8)
- (5, 11)
- (5, 12)
- (5, 17)
- (5, 21)
- (5, 22)
- (5, 23)
- (5, 28)
- (5, 31)
- (5, 32)
- (5, 34)
- (6, 7)
- (6, 9)
- (6, 10)
- (6, 11)
- (6, 13)
- (6, 17)
- (6, 18)
- (6, 19)
- (6, 20)
- (6, 24)
- (6, 27)
- (6, 28)
- (6, 32)
- (7, 9)
- (7, 11)
- (7, 15)
- (7, 17)
- (7, 18)
- (7, 20)
- (7, 28)
- (7, 30)
- (7, 33)
- (8, 10)
- (8, 13)
- (8, 18)
- (8, 21)
- (8, 24)
- (8, 31)
- (8, 33)
- (9, 15)
- (9, 20)
- (9, 32)
- (9, 33)
- (10, 11)
- (10, 12)
- (10, 14)
- (10, 15)
- (10, 17)
- (10, 20)
- (10, 21)
- (10, 22)
- (10, 23)
- (10, 25)
- (10, 26)
- (10, 27)
- (10, 31)
- (10, 33)
- (10, 34)
- (11, 12)
- (11, 17)
- (11, 20)
- (11, 22)
- (11, 23)
- (11, 24)
- (11, 25)
- (11, 26)
- (11, 27)
- (11, 28)
- (11, 29)
- (11, 30)
- (11, 33)
- (12, 16)
- (12, 17)
- (12, 20)
- (12, 21)
- (12, 23)
- (12, 26)
- (12, 27)
- (12, 30)
- (12, 31)
- (12, 32)
- (12, 33)
- (13, 14)
- (13, 15)
- (13, 20)
- (13, 22)
- (13, 23)
- (13, 25)
- (13, 26)
- (13, 31)
- (13, 34)
- (14, 15)
- (14, 19)
- (14, 24)
- (14, 25)
- (14, 27)
- (14, 31)
- (14, 32)
- (15, 19)
- (15, 21)
- (15, 25)
- (15, 30)
- (15, 34)
- (16, 19)
- (16, 22)
- (16, 25)
- (16, 26)
- (16, 28)
- (16, 29)
- (16, 31)
- (16, 32)
- (16, 33)
- (16, 34)
- (16, 35)
- (17, 18)
- (17, 19)
- (17, 20)
- (17, 21)
- (17, 23)
- (17, 26)
- (17, 29)
- (17, 31)
- (18, 25)
- (18, 26)
- (18, 31)
- (18, 34)
- (18, 35)
- (19, 21)
- (19, 29)
- (19, 31)
- (19, 33)
- (19, 34)
- (19, 35)
- (20, 21)
- (20, 22)
- (20, 23)
- (20, 25)
- (20, 26)
- (20, 27)
- (20, 28)
- (20, 30)
- (20, 31)
- (21, 23)
- (21, 26)
- (21, 29)
- (21, 30)
- (21, 33)
- (21, 35)
- (22, 24)
- (22, 25)
- (22, 26)
- (22, 27)
- (22, 35)
- (23, 24)
- (23, 26)
- (23, 27)
- (23, 30)
- (23, 32)
- (24, 25)
- (24, 28)
- (24, 29)
- (24, 33)
- (25, 27)
- (25, 31)
- (26, 29)
- (26, 30)
- (26, 31)
- (26, 32)
- (26, 33)
- (26, 35)
- (27, 29)
- (27, 33)
- (27, 35)
- (28, 29)
- (28, 33)
- (28, 35)
- (29, 34)
- (29, 35)
- (30, 32)
- (30, 33)
- (30, 34)
- (31, 33)
- (31, 34)
- (31, 35)
- (32, 34)
- (33, 34)
- (33, 35)
- (34, 35)

Adjacency list:
- N(1) = [5, 8, 10, 11, 12, 14, 15, 17, 20, 23, 24, 26, 33, 34, 35]
- N(2) = [3, 4, 7, 12, 13, 15, 17, 20, 21, 22, 24, 32]
- N(3) = [2, 4, 5, 6, 8, 10, 12, 14, 15, 16, 17, 18, 19, 22, 23, 30, 31, 33, 34, 35]
- N(4) = [2, 3, 5, 9, 11, 13, 15, 16, 18, 19, 23, 30, 31, 32, 33, 34, 35]
- N(5) = [1, 3, 4, 7, 8, 11, 12, 17, 21, 22, 23, 28, 31, 32, 34]
- N(6) = [3, 7, 9, 10, 11, 13, 17, 18, 19, 20, 24, 27, 28, 32]
- N(7) = [2, 5, 6, 9, 11, 15, 17, 18, 20, 28, 30, 33]
- N(8) = [1, 3, 5, 10, 13, 18, 21, 24, 31, 33]
- N(9) = [4, 6, 7, 15, 20, 32, 33]
- N(10) = [1, 3, 6, 8, 11, 12, 14, 15, 17, 20, 21, 22, 23, 25, 26, 27, 31, 33, 34]
- N(11) = [1, 4, 5, 6, 7, 10, 12, 17, 20, 22, 23, 24, 25, 26, 27, 28, 29, 30, 33]
- N(12) = [1, 2, 3, 5, 10, 11, 16, 17, 20, 21, 23, 26, 27, 30, 31, 32, 33]
- N(13) = [2, 4, 6, 8, 14, 15, 20, 22, 23, 25, 26, 31, 34]
- N(14) = [1, 3, 10, 13, 15, 19, 24, 25, 27, 31, 32]
- N(15) = [1, 2, 3, 4, 7, 9, 10, 13, 14, 19, 21, 25, 30, 34]
- N(16) = [3, 4, 12, 19, 22, 25, 26, 28, 29, 31, 32, 33, 34, 35]
- N(17) = [1, 2, 3, 5, 6, 7, 10, 11, 12, 18, 19, 20, 21, 23, 26, 29, 31]
- N(18) = [3, 4, 6, 7, 8, 17, 25, 26, 31, 34, 35]
- N(19) = [3, 4, 6, 14, 15, 16, 17, 21, 29, 31, 33, 34, 35]
- N(20) = [1, 2, 6, 7, 9, 10, 11, 12, 13, 17, 21, 22, 23, 25, 26, 27, 28, 30, 31]
- N(21) = [2, 5, 8, 10, 12, 15, 17, 19, 20, 23, 26, 29, 30, 33, 35]
- N(22) = [2, 3, 5, 10, 11, 13, 16, 20, 24, 25, 26, 27, 35]
- N(23) = [1, 3, 4, 5, 10, 11, 12, 13, 17, 20, 21, 24, 26, 27, 30, 32]
- N(24) = [1, 2, 6, 8, 11, 14, 22, 23, 25, 28, 29, 33]
- N(25) = [10, 11, 13, 14, 15, 16, 18, 20, 22, 24, 27, 31]
- N(26) = [1, 10, 11, 12, 13, 16, 17, 18, 20, 21, 22, 23, 29, 30, 31, 32, 33, 35]
- N(27) = [6, 10, 11, 12, 14, 20, 22, 23, 25, 29, 33, 35]
- N(28) = [5, 6, 7, 11, 16, 20, 24, 29, 33, 35]
- N(29) = [11, 16, 17, 19, 21, 24, 26, 27, 28, 34, 35]
- N(30) = [3, 4, 7, 11, 12, 15, 20, 21, 23, 26, 32, 33, 34]
- N(31) = [3, 4, 5, 8, 10, 12, 13, 14, 16, 17, 18, 19, 20, 25, 26, 33, 34, 35]
- N(32) = [2, 4, 5, 6, 9, 12, 14, 16, 23, 26, 30, 34]
- N(33) = [1, 3, 4, 7, 8, 9, 10, 11, 12, 16, 19, 21, 24, 26, 27, 28, 30, 31, 34, 35]
- N(34) = [1, 3, 4, 5, 10, 13, 15, 16, 18, 19, 29, 30, 31, 32, 33, 35]
- N(35) = [1, 3, 4, 16, 18, 19, 21, 22, 26, 27, 28, 29, 31, 33, 34]

Adjacency matrix rows (0/1 form, with diagonal omitted from constraints):
- row 1: [0, 0, 0, 0, 1, 0, 0, 1, 0, 1, 1, 1, 0, 1, 1, 0, 1, 0, 0, 1, 0, 0, 1, 1, 0, 1, 0, 0, 0, 0, 0, 0, 1, 1, 1]
- row 2: [0, 0, 1, 1, 0, 0, 1, 0, 0, 0, 0, 1, 1, 0, 1, 0, 1, 0, 0, 1, 1, 1, 0, 1, 0, 0, 0, 0, 0, 0, 0, 1, 0, 0, 0]
- row 3: [0, 1, 0, 1, 1, 1, 0, 1, 0, 1, 0, 1, 0, 1, 1, 1, 1, 1, 1, 0, 0, 1, 1, 0, 0, 0, 0, 0, 0, 1, 1, 0, 1, 1, 1]
- row 4: [0, 1, 1, 0, 1, 0, 0, 0, 1, 0, 1, 0, 1, 0, 1, 1, 0, 1, 1, 0, 0, 0, 1, 0, 0, 0, 0, 0, 0, 1, 1, 1, 1, 1, 1]
- row 5: [1, 0, 1, 1, 0, 0, 1, 1, 0, 0, 1, 1, 0, 0, 0, 0, 1, 0, 0, 0, 1, 1, 1, 0, 0, 0, 0, 1, 0, 0, 1, 1, 0, 1, 0]
- row 6: [0, 0, 1, 0, 0, 0, 1, 0, 1, 1, 1, 0, 1, 0, 0, 0, 1, 1, 1, 1, 0, 0, 0, 1, 0, 0, 1, 1, 0, 0, 0, 1, 0, 0, 0]
- row 7: [0, 1, 0, 0, 1, 1, 0, 0, 1, 0, 1, 0, 0, 0, 1, 0, 1, 1, 0, 1, 0, 0, 0, 0, 0, 0, 0, 1, 0, 1, 0, 0, 1, 0, 0]
- row 8: [1, 0, 1, 0, 1, 0, 0, 0, 0, 1, 0, 0, 1, 0, 0, 0, 0, 1, 0, 0, 1, 0, 0, 1, 0, 0, 0, 0, 0, 0, 1, 0, 1, 0, 0]
- row 9: [0, 0, 0, 1, 0, 1, 1, 0, 0, 0, 0, 0, 0, 0, 1, 0, 0, 0, 0, 1, 0, 0, 0, 0, 0, 0, 0, 0, 0, 0, 0, 1, 1, 0, 0]
- row 10: [1, 0, 1, 0, 0, 1, 0, 1, 0, 0, 1, 1, 0, 1, 1, 0, 1, 0, 0, 1, 1, 1, 1, 0, 1, 1, 1, 0, 0, 0, 1, 0, 1, 1, 0]
- row 11: [1, 0, 0, 1, 1, 1, 1, 0, 0, 1, 0, 1, 0, 0, 0, 0, 1, 0, 0, 1, 0, 1, 1, 1, 1, 1, 1, 1, 1, 1, 0, 0, 1, 0, 0]
- row 12: [1, 1, 1, 0, 1, 0, 0, 0, 0, 1, 1, 0, 0, 0, 0, 1, 1, 0, 0, 1, 1, 0, 1, 0, 0, 1, 1, 0, 0, 1, 1, 1, 1, 0, 0]
- row 13: [0, 1, 0, 1, 0, 1, 0, 1, 0, 0, 0, 0, 0, 1, 1, 0, 0, 0, 0, 1, 0, 1, 1, 0, 1, 1, 0, 0, 0, 0, 1, 0, 0, 1, 0]
- row 14: [1, 0, 1, 0, 0, 0, 0, 0, 0, 1, 0, 0, 1, 0, 1, 0, 0, 0, 1, 0, 0, 0, 0, 1, 1, 0, 1, 0, 0, 0, 1, 1, 0, 0, 0]
- row 15: [1, 1, 1, 1, 0, 0, 1, 0, 1, 1, 0, 0, 1, 1, 0, 0, 0, 0, 1, 0, 1, 0, 0, 0, 1, 0, 0, 0, 0, 1, 0, 0, 0, 1, 0]
- row 16: [0, 0, 1, 1, 0, 0, 0, 0, 0, 0, 0, 1, 0, 0, 0, 0, 0, 0, 1, 0, 0, 1, 0, 0, 1, 1, 0, 1, 1, 0, 1, 1, 1, 1, 1]
- row 17: [1, 1, 1, 0, 1, 1, 1, 0, 0, 1, 1, 1, 0, 0, 0, 0, 0, 1, 1, 1, 1, 0, 1, 0, 0, 1, 0, 0, 1, 0, 1, 0, 0, 0, 0]
- row 18: [0, 0, 1, 1, 0, 1, 1, 1, 0, 0, 0, 0, 0, 0, 0, 0, 1, 0, 0, 0, 0, 0, 0, 0, 1, 1, 0, 0, 0, 0, 1, 0, 0, 1, 1]
- row 19: [0, 0, 1, 1, 0, 1, 0, 0, 0, 0, 0, 0, 0, 1, 1, 1, 1, 0, 0, 0, 1, 0, 0, 0, 0, 0, 0, 0, 1, 0, 1, 0, 1, 1, 1]
- row 20: [1, 1, 0, 0, 0, 1, 1, 0, 1, 1, 1, 1, 1, 0, 0, 0, 1, 0, 0, 0, 1, 1, 1, 0, 1, 1, 1, 1, 0, 1, 1, 0, 0, 0, 0]
- row 21: [0, 1, 0, 0, 1, 0, 0, 1, 0, 1, 0, 1, 0, 0, 1, 0, 1, 0, 1, 1, 0, 0, 1, 0, 0, 1, 0, 0, 1, 1, 0, 0, 1, 0, 1]
- row 22: [0, 1, 1, 0, 1, 0, 0, 0, 0, 1, 1, 0, 1, 0, 0, 1, 0, 0, 0, 1, 0, 0, 0, 1, 1, 1, 1, 0, 0, 0, 0, 0, 0, 0, 1]
- row 23: [1, 0, 1, 1, 1, 0, 0, 0, 0, 1, 1, 1, 1, 0, 0, 0, 1, 0, 0, 1, 1, 0, 0, 1, 0, 1, 1, 0, 0, 1, 0, 1, 0, 0, 0]
- row 24: [1, 1, 0, 0, 0, 1, 0, 1, 0, 0, 1, 0, 0, 1, 0, 0, 0, 0, 0, 0, 0, 1, 1, 0, 1, 0, 0, 1, 1, 0, 0, 0, 1, 0, 0]
- row 25: [0, 0, 0, 0, 0, 0, 0, 0, 0, 1, 1, 0, 1, 1, 1, 1, 0, 1, 0, 1, 0, 1, 0, 1, 0, 0, 1, 0, 0, 0, 1, 0, 0, 0, 0]
- row 26: [1, 0, 0, 0, 0, 0, 0, 0, 0, 1, 1, 1, 1, 0, 0, 1, 1, 1, 0, 1, 1, 1, 1, 0, 0, 0, 0, 0, 1, 1, 1, 1, 1, 0, 1]
- row 27: [0, 0, 0, 0, 0, 1, 0, 0, 0, 1, 1, 1, 0, 1, 0, 0, 0, 0, 0, 1, 0, 1, 1, 0, 1, 0, 0, 0, 1, 0, 0, 0, 1, 0, 1]
- row 28: [0, 0, 0, 0, 1, 1, 1, 0, 0, 0, 1, 0, 0, 0, 0, 1, 0, 0, 0, 1, 0, 0, 0, 1, 0, 0, 0, 0, 1, 0, 0, 0, 1, 0, 1]
- row 29: [0, 0, 0, 0, 0, 0, 0, 0, 0, 0, 1, 0, 0, 0, 0, 1, 1, 0, 1, 0, 1, 0, 0, 1, 0, 1, 1, 1, 0, 0, 0, 0, 0, 1, 1]
- row 30: [0, 0, 1, 1, 0, 0, 1, 0, 0, 0, 1, 1, 0, 0, 1, 0, 0, 0, 0, 1, 1, 0, 1, 0, 0, 1, 0, 0, 0, 0, 0, 1, 1, 1, 0]
- row 31: [0, 0, 1, 1, 1, 0, 0, 1, 0, 1, 0, 1, 1, 1, 0, 1, 1, 1, 1, 1, 0, 0, 0, 0, 1, 1, 0, 0, 0, 0, 0, 0, 1, 1, 1]
- row 32: [0, 1, 0, 1, 1, 1, 0, 0, 1, 0, 0, 1, 0, 1, 0, 1, 0, 0, 0, 0, 0, 0, 1, 0, 0, 1, 0, 0, 0, 1, 0, 0, 0, 1, 0]
- row 33: [1, 0, 1, 1, 0, 0, 1, 1, 1, 1, 1, 1, 0, 0, 0, 1, 0, 0, 1, 0, 1, 0, 0, 1, 0, 1, 1, 1, 0, 1, 1, 0, 0, 1, 1]
- row 34: [1, 0, 1, 1, 1, 0, 0, 0, 0, 1, 0, 0, 1, 0, 1, 1, 0, 1, 1, 0, 0, 0, 0, 0, 0, 0, 0, 0, 1, 1, 1, 1, 1, 0, 1]
- row 35: [1, 0, 1, 1, 0, 0, 0, 0, 0, 0, 0, 0, 0, 0, 0, 1, 0, 1, 1, 0, 1, 1, 0, 0, 0, 1, 1, 1, 1, 0, 1, 0, 1, 1, 0]

Decision variables:
- x[v,k] in {0,1}: equals 1 if vertex v is assigned color k, and 0 otherwise.

Objective:
- Determine whether a feasible coloring exists using at most K = 8 colors.

Constraints:
- For every vertex v in V, exactly one color must be assigned: sum_k x[v,k] = 1.
- For every edge (u,v) in E and every color k in K, adjacent vertices cannot share the same color: x[u,k] + x[v,k] <= 1.
- All decision variables are binary.

Metadata:
- seed=7308
- group=C
- graph_generator=overlap_clique_feasible
- visual_type=adjacency_matrix
- formulation_size=2323
- task_variant=decision
- max_clique_size=8
- degeneracy=10

Visual interpretation:
- The figure is a square adjacency matrix indexed by numeric vertex identifiers.
- Black off-diagonal cells indicate edges and white off-diagonal cells indicate non-edges.
- Grey diagonal cells only mark self-reference positions and do not represent constraints.
- The visual reveals the full graph structure and all variant-specific public parameters, but it does not reveal a valid coloring assignment.
