Canonical specification for a deterministic medium-level graph coloring instance.

Interpretation:
- The graph is undirected and simple.
- Each vertex must receive exactly one color.
- Adjacent vertices must not share the same color.
- This is a decision K-colorability instance with a fixed number of available colors.
- There are no directed edges, hyperedges, or symmetry-breaking constraints.

Sets:
- Vertices V = [1, 2, 3, 4, 5, 6, 7, 8, 9, 10, 11, 12, 13, 14, 15, 16, 17, 18, 19, 20, 21, 22, 23, 24, 25, 26, 27, 28, 29]
- Colors K = [1, 2, 3, 4, 5, 6]

Parameters:
- number_of_vertices = 29
- number_of_colors_available = 6
- chromatic_number = 6
- graph_density = 0.4507
- topology_type = random_erdos_renyi_graph

Edge set E:
- (1, 3)
- (1, 4)
- (1, 5)
- (1, 6)
- (1, 7)
- (1, 9)
- (1, 10)
- (1, 12)
- (1, 14)
- (1, 17)
- (1, 18)
- (1, 21)
- (1, 22)
- (1, 23)
- (1, 27)
- (1, 29)
- (2, 3)
- (2, 4)
- (2, 6)
- (2, 8)
- (2, 13)
- (2, 14)
- (2, 15)
- (2, 21)
- (2, 23)
- (2, 24)
- (2, 27)
- (2, 29)
- (3, 9)
- (3, 11)
- (3, 12)
- (3, 14)
- (3, 17)
- (3, 22)
- (4, 7)
- (4, 10)
- (4, 13)
- (4, 14)
- (4, 16)
- (4, 17)
- (4, 19)
- (4, 20)
- (4, 21)
- (4, 23)
- (4, 25)
- (4, 26)
- (4, 27)
- (5, 6)
- (5, 9)
- (5, 10)
- (5, 11)
- (5, 15)
- (5, 16)
- (5, 18)
- (5, 19)
- (5, 23)
- (5, 26)
- (5, 27)
- (5, 29)
- (6, 9)
- (6, 12)
- (6, 13)
- (6, 15)
- (6, 16)
- (6, 17)
- (6, 18)
- (6, 22)
- (6, 23)
- (6, 26)
- (7, 8)
- (7, 10)
- (7, 11)
- (7, 12)
- (7, 14)
- (7, 15)
- (7, 21)
- (7, 23)
- (7, 27)
- (7, 28)
- (8, 10)
- (8, 11)
- (8, 12)
- (8, 13)
- (8, 16)
- (8, 22)
- (8, 25)
- (8, 27)
- (8, 28)
- (8, 29)
- (9, 10)
- (9, 12)
- (9, 13)
- (9, 14)
- (9, 19)
- (9, 22)
- (9, 23)
- (9, 29)
- (10, 19)
- (10, 21)
- (10, 24)
- (10, 25)
- (10, 26)
- (10, 27)
- (10, 28)
- (10, 29)
- (11, 12)
- (11, 16)
- (11, 17)
- (11, 19)
- (11, 23)
- (11, 24)
- (11, 25)
- (11, 26)
- (11, 29)
- (12, 19)
- (12, 20)
- (12, 21)
- (12, 25)
- (12, 26)
- (12, 28)
- (13, 15)
- (13, 18)
- (13, 22)
- (13, 25)
- (14, 16)
- (14, 17)
- (14, 19)
- (14, 20)
- (14, 21)
- (14, 22)
- (14, 23)
- (14, 25)
- (14, 27)
- (15, 17)
- (15, 20)
- (15, 22)
- (15, 24)
- (16, 17)
- (16, 18)
- (16, 19)
- (16, 24)
- (16, 26)
- (16, 27)
- (16, 29)
- (17, 18)
- (17, 19)
- (17, 21)
- (17, 25)
- (17, 26)
- (18, 20)
- (18, 21)
- (18, 23)
- (18, 24)
- (18, 25)
- (18, 27)
- (18, 28)
- (19, 21)
- (19, 23)
- (19, 24)
- (19, 26)
- (19, 27)
- (19, 29)
- (20, 21)
- (20, 25)
- (20, 28)
- (21, 22)
- (21, 25)
- (21, 26)
- (21, 28)
- (22, 24)
- (22, 28)
- (22, 29)
- (23, 24)
- (23, 26)
- (23, 27)
- (23, 29)
- (24, 25)
- (24, 27)
- (24, 28)
- (25, 27)
- (26, 29)
- (27, 28)
- (28, 29)

Adjacency list:
- N(1) = [3, 4, 5, 6, 7, 9, 10, 12, 14, 17, 18, 21, 22, 23, 27, 29]
- N(2) = [3, 4, 6, 8, 13, 14, 15, 21, 23, 24, 27, 29]
- N(3) = [1, 2, 9, 11, 12, 14, 17, 22]
- N(4) = [1, 2, 7, 10, 13, 14, 16, 17, 19, 20, 21, 23, 25, 26, 27]
- N(5) = [1, 6, 9, 10, 11, 15, 16, 18, 19, 23, 26, 27, 29]
- N(6) = [1, 2, 5, 9, 12, 13, 15, 16, 17, 18, 22, 23, 26]
- N(7) = [1, 4, 8, 10, 11, 12, 14, 15, 21, 23, 27, 28]
- N(8) = [2, 7, 10, 11, 12, 13, 16, 22, 25, 27, 28, 29]
- N(9) = [1, 3, 5, 6, 10, 12, 13, 14, 19, 22, 23, 29]
- N(10) = [1, 4, 5, 7, 8, 9, 19, 21, 24, 25, 26, 27, 28, 29]
- N(11) = [3, 5, 7, 8, 12, 16, 17, 19, 23, 24, 25, 26, 29]
- N(12) = [1, 3, 6, 7, 8, 9, 11, 19, 20, 21, 25, 26, 28]
- N(13) = [2, 4, 6, 8, 9, 15, 18, 22, 25]
- N(14) = [1, 2, 3, 4, 7, 9, 16, 17, 19, 20, 21, 22, 23, 25, 27]
- N(15) = [2, 5, 6, 7, 13, 17, 20, 22, 24]
- N(16) = [4, 5, 6, 8, 11, 14, 17, 18, 19, 24, 26, 27, 29]
- N(17) = [1, 3, 4, 6, 11, 14, 15, 16, 18, 19, 21, 25, 26]
- N(18) = [1, 5, 6, 13, 16, 17, 20, 21, 23, 24, 25, 27, 28]
- N(19) = [4, 5, 9, 10, 11, 12, 14, 16, 17, 21, 23, 24, 26, 27, 29]
- N(20) = [4, 12, 14, 15, 18, 21, 25, 28]
- N(21) = [1, 2, 4, 7, 10, 12, 14, 17, 18, 19, 20, 22, 25, 26, 28]
- N(22) = [1, 3, 6, 8, 9, 13, 14, 15, 21, 24, 28, 29]
- N(23) = [1, 2, 4, 5, 6, 7, 9, 11, 14, 18, 19, 24, 26, 27, 29]
- N(24) = [2, 10, 11, 15, 16, 18, 19, 22, 23, 25, 27, 28]
- N(25) = [4, 8, 10, 11, 12, 13, 14, 17, 18, 20, 21, 24, 27]
- N(26) = [4, 5, 6, 10, 11, 12, 16, 17, 19, 21, 23, 29]
- N(27) = [1, 2, 4, 5, 7, 8, 10, 14, 16, 18, 19, 23, 24, 25, 28]
- N(28) = [7, 8, 10, 12, 18, 20, 21, 22, 24, 27, 29]
- N(29) = [1, 2, 5, 8, 9, 10, 11, 16, 19, 22, 23, 26, 28]

Adjacency matrix rows (0/1 form, with diagonal omitted from constraints):
- row 1: [0, 0, 1, 1, 1, 1, 1, 0, 1, 1, 0, 1, 0, 1, 0, 0, 1, 1, 0, 0, 1, 1, 1, 0, 0, 0, 1, 0, 1]
- row 2: [0, 0, 1, 1, 0, 1, 0, 1, 0, 0, 0, 0, 1, 1, 1, 0, 0, 0, 0, 0, 1, 0, 1, 1, 0, 0, 1, 0, 1]
- row 3: [1, 1, 0, 0, 0, 0, 0, 0, 1, 0, 1, 1, 0, 1, 0, 0, 1, 0, 0, 0, 0, 1, 0, 0, 0, 0, 0, 0, 0]
- row 4: [1, 1, 0, 0, 0, 0, 1, 0, 0, 1, 0, 0, 1, 1, 0, 1, 1, 0, 1, 1, 1, 0, 1, 0, 1, 1, 1, 0, 0]
- row 5: [1, 0, 0, 0, 0, 1, 0, 0, 1, 1, 1, 0, 0, 0, 1, 1, 0, 1, 1, 0, 0, 0, 1, 0, 0, 1, 1, 0, 1]
- row 6: [1, 1, 0, 0, 1, 0, 0, 0, 1, 0, 0, 1, 1, 0, 1, 1, 1, 1, 0, 0, 0, 1, 1, 0, 0, 1, 0, 0, 0]
- row 7: [1, 0, 0, 1, 0, 0, 0, 1, 0, 1, 1, 1, 0, 1, 1, 0, 0, 0, 0, 0, 1, 0, 1, 0, 0, 0, 1, 1, 0]
- row 8: [0, 1, 0, 0, 0, 0, 1, 0, 0, 1, 1, 1, 1, 0, 0, 1, 0, 0, 0, 0, 0, 1, 0, 0, 1, 0, 1, 1, 1]
- row 9: [1, 0, 1, 0, 1, 1, 0, 0, 0, 1, 0, 1, 1, 1, 0, 0, 0, 0, 1, 0, 0, 1, 1, 0, 0, 0, 0, 0, 1]
- row 10: [1, 0, 0, 1, 1, 0, 1, 1, 1, 0, 0, 0, 0, 0, 0, 0, 0, 0, 1, 0, 1, 0, 0, 1, 1, 1, 1, 1, 1]
- row 11: [0, 0, 1, 0, 1, 0, 1, 1, 0, 0, 0, 1, 0, 0, 0, 1, 1, 0, 1, 0, 0, 0, 1, 1, 1, 1, 0, 0, 1]
- row 12: [1, 0, 1, 0, 0, 1, 1, 1, 1, 0, 1, 0, 0, 0, 0, 0, 0, 0, 1, 1, 1, 0, 0, 0, 1, 1, 0, 1, 0]
- row 13: [0, 1, 0, 1, 0, 1, 0, 1, 1, 0, 0, 0, 0, 0, 1, 0, 0, 1, 0, 0, 0, 1, 0, 0, 1, 0, 0, 0, 0]
- row 14: [1, 1, 1, 1, 0, 0, 1, 0, 1, 0, 0, 0, 0, 0, 0, 1, 1, 0, 1, 1, 1, 1, 1, 0, 1, 0, 1, 0, 0]
- row 15: [0, 1, 0, 0, 1, 1, 1, 0, 0, 0, 0, 0, 1, 0, 0, 0, 1, 0, 0, 1, 0, 1, 0, 1, 0, 0, 0, 0, 0]
- row 16: [0, 0, 0, 1, 1, 1, 0, 1, 0, 0, 1, 0, 0, 1, 0, 0, 1, 1, 1, 0, 0, 0, 0, 1, 0, 1, 1, 0, 1]
- row 17: [1, 0, 1, 1, 0, 1, 0, 0, 0, 0, 1, 0, 0, 1, 1, 1, 0, 1, 1, 0, 1, 0, 0, 0, 1, 1, 0, 0, 0]
- row 18: [1, 0, 0, 0, 1, 1, 0, 0, 0, 0, 0, 0, 1, 0, 0, 1, 1, 0, 0, 1, 1, 0, 1, 1, 1, 0, 1, 1, 0]
- row 19: [0, 0, 0, 1, 1, 0, 0, 0, 1, 1, 1, 1, 0, 1, 0, 1, 1, 0, 0, 0, 1, 0, 1, 1, 0, 1, 1, 0, 1]
- row 20: [0, 0, 0, 1, 0, 0, 0, 0, 0, 0, 0, 1, 0, 1, 1, 0, 0, 1, 0, 0, 1, 0, 0, 0, 1, 0, 0, 1, 0]
- row 21: [1, 1, 0, 1, 0, 0, 1, 0, 0, 1, 0, 1, 0, 1, 0, 0, 1, 1, 1, 1, 0, 1, 0, 0, 1, 1, 0, 1, 0]
- row 22: [1, 0, 1, 0, 0, 1, 0, 1, 1, 0, 0, 0, 1, 1, 1, 0, 0, 0, 0, 0, 1, 0, 0, 1, 0, 0, 0, 1, 1]
- row 23: [1, 1, 0, 1, 1, 1, 1, 0, 1, 0, 1, 0, 0, 1, 0, 0, 0, 1, 1, 0, 0, 0, 0, 1, 0, 1, 1, 0, 1]
- row 24: [0, 1, 0, 0, 0, 0, 0, 0, 0, 1, 1, 0, 0, 0, 1, 1, 0, 1, 1, 0, 0, 1, 1, 0, 1, 0, 1, 1, 0]
- row 25: [0, 0, 0, 1, 0, 0, 0, 1, 0, 1, 1, 1, 1, 1, 0, 0, 1, 1, 0, 1, 1, 0, 0, 1, 0, 0, 1, 0, 0]
- row 26: [0, 0, 0, 1, 1, 1, 0, 0, 0, 1, 1, 1, 0, 0, 0, 1, 1, 0, 1, 0, 1, 0, 1, 0, 0, 0, 0, 0, 1]
- row 27: [1, 1, 0, 1, 1, 0, 1, 1, 0, 1, 0, 0, 0, 1, 0, 1, 0, 1, 1, 0, 0, 0, 1, 1, 1, 0, 0, 1, 0]
- row 28: [0, 0, 0, 0, 0, 0, 1, 1, 0, 1, 0, 1, 0, 0, 0, 0, 0, 1, 0, 1, 1, 1, 0, 1, 0, 0, 1, 0, 1]
- row 29: [1, 1, 0, 0, 1, 0, 0, 1, 1, 1, 1, 0, 0, 0, 0, 1, 0, 0, 1, 0, 0, 1, 1, 0, 0, 1, 0, 1, 0]

Decision variables:
- x[v,k] in {0,1}: equals 1 if vertex v is assigned color k, and 0 otherwise.

Objective:
- Determine whether a feasible coloring exists using at most K = 6 colors.

Constraints:
- For every vertex v in V, exactly one color must be assigned: sum_k x[v,k] = 1.
- For every edge (u,v) in E and every color k in K, adjacent vertices cannot share the same color: x[u,k] + x[v,k] <= 1.
- All decision variables are binary.

Metadata:
- seed=7304
- group=B
- graph_generator=overlap_clique_feasible
- visual_type=adjacency_matrix
- formulation_size=1301
- task_variant=decision
- max_clique_size=6
- degeneracy=9

Visual interpretation:
- The figure is a square adjacency matrix indexed by numeric vertex identifiers.
- Black off-diagonal cells indicate edges and white off-diagonal cells indicate non-edges.
- Grey diagonal cells only mark self-reference positions and do not represent constraints.
- The visual reveals the full graph structure and all variant-specific public parameters, but it does not reveal a valid coloring assignment.
