Canonical specification for a deterministic medium-level graph coloring instance.

Interpretation:
- The graph is undirected and simple.
- Each vertex must receive exactly one color.
- Adjacent vertices must not share the same color.
- This is a color-minimization instance with an explicit upper bound on the number of colors.
- There are no directed edges, hyperedges, or symmetry-breaking constraints.

Sets:
- Vertices V = [1, 2, 3, 4, 5, 6, 7, 8, 9, 10, 11, 12, 13, 14, 15, 16, 17, 18, 19, 20, 21, 22, 23, 24, 25, 26, 27, 28, 29, 30]
- Colors K = [1, 2, 3, 4, 5, 6, 7, 8, 9]

Parameters:
- number_of_vertices = 30
- color_upper_bound = 9
- chromatic_number = 7
- graph_density = 0.3471
- topology_type = clustered_community_graph

Edge set E:
- (1, 5)
- (1, 6)
- (1, 7)
- (1, 9)
- (1, 10)
- (1, 11)
- (1, 12)
- (1, 13)
- (1, 15)
- (1, 19)
- (1, 20)
- (1, 21)
- (1, 23)
- (1, 24)
- (1, 27)
- (1, 28)
- (2, 4)
- (2, 7)
- (2, 17)
- (2, 20)
- (2, 23)
- (2, 25)
- (2, 29)
- (3, 4)
- (3, 7)
- (3, 12)
- (3, 23)
- (3, 30)
- (4, 12)
- (4, 13)
- (4, 21)
- (4, 25)
- (4, 29)
- (4, 30)
- (5, 6)
- (5, 8)
- (5, 9)
- (5, 11)
- (5, 12)
- (5, 14)
- (5, 18)
- (5, 20)
- (5, 23)
- (5, 26)
- (5, 27)
- (5, 28)
- (6, 9)
- (6, 11)
- (6, 13)
- (6, 16)
- (6, 17)
- (6, 20)
- (6, 29)
- (7, 9)
- (7, 11)
- (7, 12)
- (7, 15)
- (7, 21)
- (7, 22)
- (7, 27)
- (7, 28)
- (7, 29)
- (8, 10)
- (8, 13)
- (8, 19)
- (8, 20)
- (8, 24)
- (8, 27)
- (8, 30)
- (9, 10)
- (9, 19)
- (9, 22)
- (9, 24)
- (9, 26)
- (9, 27)
- (10, 11)
- (10, 16)
- (10, 19)
- (10, 20)
- (10, 22)
- (10, 23)
- (10, 24)
- (10, 26)
- (10, 30)
- (11, 18)
- (11, 19)
- (11, 24)
- (11, 26)
- (12, 14)
- (12, 17)
- (12, 20)
- (12, 21)
- (12, 23)
- (12, 27)
- (12, 28)
- (12, 29)
- (13, 14)
- (13, 20)
- (13, 22)
- (13, 27)
- (13, 28)
- (14, 15)
- (14, 16)
- (14, 21)
- (14, 22)
- (14, 25)
- (14, 27)
- (14, 28)
- (14, 29)
- (14, 30)
- (15, 17)
- (15, 23)
- (15, 25)
- (16, 18)
- (16, 21)
- (16, 23)
- (16, 24)
- (16, 25)
- (16, 30)
- (17, 21)
- (17, 25)
- (17, 29)
- (18, 19)
- (18, 22)
- (18, 24)
- (18, 25)
- (18, 26)
- (18, 28)
- (19, 20)
- (19, 22)
- (19, 26)
- (19, 27)
- (20, 22)
- (20, 23)
- (20, 26)
- (20, 27)
- (20, 28)
- (21, 23)
- (22, 23)
- (22, 24)
- (22, 27)
- (23, 27)
- (23, 28)
- (23, 29)
- (24, 26)
- (24, 27)
- (25, 27)
- (25, 30)
- (26, 27)
- (27, 28)
- (28, 30)

Adjacency list:
- N(1) = [5, 6, 7, 9, 10, 11, 12, 13, 15, 19, 20, 21, 23, 24, 27, 28]
- N(2) = [4, 7, 17, 20, 23, 25, 29]
- N(3) = [4, 7, 12, 23, 30]
- N(4) = [2, 3, 12, 13, 21, 25, 29, 30]
- N(5) = [1, 6, 8, 9, 11, 12, 14, 18, 20, 23, 26, 27, 28]
- N(6) = [1, 5, 9, 11, 13, 16, 17, 20, 29]
- N(7) = [1, 2, 3, 9, 11, 12, 15, 21, 22, 27, 28, 29]
- N(8) = [5, 10, 13, 19, 20, 24, 27, 30]
- N(9) = [1, 5, 6, 7, 10, 19, 22, 24, 26, 27]
- N(10) = [1, 8, 9, 11, 16, 19, 20, 22, 23, 24, 26, 30]
- N(11) = [1, 5, 6, 7, 10, 18, 19, 24, 26]
- N(12) = [1, 3, 4, 5, 7, 14, 17, 20, 21, 23, 27, 28, 29]
- N(13) = [1, 4, 6, 8, 14, 20, 22, 27, 28]
- N(14) = [5, 12, 13, 15, 16, 21, 22, 25, 27, 28, 29, 30]
- N(15) = [1, 7, 14, 17, 23, 25]
- N(16) = [6, 10, 14, 18, 21, 23, 24, 25, 30]
- N(17) = [2, 6, 12, 15, 21, 25, 29]
- N(18) = [5, 11, 16, 19, 22, 24, 25, 26, 28]
- N(19) = [1, 8, 9, 10, 11, 18, 20, 22, 26, 27]
- N(20) = [1, 2, 5, 6, 8, 10, 12, 13, 19, 22, 23, 26, 27, 28]
- N(21) = [1, 4, 7, 12, 14, 16, 17, 23]
- N(22) = [7, 9, 10, 13, 14, 18, 19, 20, 23, 24, 27]
- N(23) = [1, 2, 3, 5, 10, 12, 15, 16, 20, 21, 22, 27, 28, 29]
- N(24) = [1, 8, 9, 10, 11, 16, 18, 22, 26, 27]
- N(25) = [2, 4, 14, 15, 16, 17, 18, 27, 30]
- N(26) = [5, 9, 10, 11, 18, 19, 20, 24, 27]
- N(27) = [1, 5, 7, 8, 9, 12, 13, 14, 19, 20, 22, 23, 24, 25, 26, 28]
- N(28) = [1, 5, 7, 12, 13, 14, 18, 20, 23, 27, 30]
- N(29) = [2, 4, 6, 7, 12, 14, 17, 23]
- N(30) = [3, 4, 8, 10, 14, 16, 25, 28]

Adjacency matrix rows (0/1 form, with diagonal omitted from constraints):
- row 1: [0, 0, 0, 0, 1, 1, 1, 0, 1, 1, 1, 1, 1, 0, 1, 0, 0, 0, 1, 1, 1, 0, 1, 1, 0, 0, 1, 1, 0, 0]
- row 2: [0, 0, 0, 1, 0, 0, 1, 0, 0, 0, 0, 0, 0, 0, 0, 0, 1, 0, 0, 1, 0, 0, 1, 0, 1, 0, 0, 0, 1, 0]
- row 3: [0, 0, 0, 1, 0, 0, 1, 0, 0, 0, 0, 1, 0, 0, 0, 0, 0, 0, 0, 0, 0, 0, 1, 0, 0, 0, 0, 0, 0, 1]
- row 4: [0, 1, 1, 0, 0, 0, 0, 0, 0, 0, 0, 1, 1, 0, 0, 0, 0, 0, 0, 0, 1, 0, 0, 0, 1, 0, 0, 0, 1, 1]
- row 5: [1, 0, 0, 0, 0, 1, 0, 1, 1, 0, 1, 1, 0, 1, 0, 0, 0, 1, 0, 1, 0, 0, 1, 0, 0, 1, 1, 1, 0, 0]
- row 6: [1, 0, 0, 0, 1, 0, 0, 0, 1, 0, 1, 0, 1, 0, 0, 1, 1, 0, 0, 1, 0, 0, 0, 0, 0, 0, 0, 0, 1, 0]
- row 7: [1, 1, 1, 0, 0, 0, 0, 0, 1, 0, 1, 1, 0, 0, 1, 0, 0, 0, 0, 0, 1, 1, 0, 0, 0, 0, 1, 1, 1, 0]
- row 8: [0, 0, 0, 0, 1, 0, 0, 0, 0, 1, 0, 0, 1, 0, 0, 0, 0, 0, 1, 1, 0, 0, 0, 1, 0, 0, 1, 0, 0, 1]
- row 9: [1, 0, 0, 0, 1, 1, 1, 0, 0, 1, 0, 0, 0, 0, 0, 0, 0, 0, 1, 0, 0, 1, 0, 1, 0, 1, 1, 0, 0, 0]
- row 10: [1, 0, 0, 0, 0, 0, 0, 1, 1, 0, 1, 0, 0, 0, 0, 1, 0, 0, 1, 1, 0, 1, 1, 1, 0, 1, 0, 0, 0, 1]
- row 11: [1, 0, 0, 0, 1, 1, 1, 0, 0, 1, 0, 0, 0, 0, 0, 0, 0, 1, 1, 0, 0, 0, 0, 1, 0, 1, 0, 0, 0, 0]
- row 12: [1, 0, 1, 1, 1, 0, 1, 0, 0, 0, 0, 0, 0, 1, 0, 0, 1, 0, 0, 1, 1, 0, 1, 0, 0, 0, 1, 1, 1, 0]
- row 13: [1, 0, 0, 1, 0, 1, 0, 1, 0, 0, 0, 0, 0, 1, 0, 0, 0, 0, 0, 1, 0, 1, 0, 0, 0, 0, 1, 1, 0, 0]
- row 14: [0, 0, 0, 0, 1, 0, 0, 0, 0, 0, 0, 1, 1, 0, 1, 1, 0, 0, 0, 0, 1, 1, 0, 0, 1, 0, 1, 1, 1, 1]
- row 15: [1, 0, 0, 0, 0, 0, 1, 0, 0, 0, 0, 0, 0, 1, 0, 0, 1, 0, 0, 0, 0, 0, 1, 0, 1, 0, 0, 0, 0, 0]
- row 16: [0, 0, 0, 0, 0, 1, 0, 0, 0, 1, 0, 0, 0, 1, 0, 0, 0, 1, 0, 0, 1, 0, 1, 1, 1, 0, 0, 0, 0, 1]
- row 17: [0, 1, 0, 0, 0, 1, 0, 0, 0, 0, 0, 1, 0, 0, 1, 0, 0, 0, 0, 0, 1, 0, 0, 0, 1, 0, 0, 0, 1, 0]
- row 18: [0, 0, 0, 0, 1, 0, 0, 0, 0, 0, 1, 0, 0, 0, 0, 1, 0, 0, 1, 0, 0, 1, 0, 1, 1, 1, 0, 1, 0, 0]
- row 19: [1, 0, 0, 0, 0, 0, 0, 1, 1, 1, 1, 0, 0, 0, 0, 0, 0, 1, 0, 1, 0, 1, 0, 0, 0, 1, 1, 0, 0, 0]
- row 20: [1, 1, 0, 0, 1, 1, 0, 1, 0, 1, 0, 1, 1, 0, 0, 0, 0, 0, 1, 0, 0, 1, 1, 0, 0, 1, 1, 1, 0, 0]
- row 21: [1, 0, 0, 1, 0, 0, 1, 0, 0, 0, 0, 1, 0, 1, 0, 1, 1, 0, 0, 0, 0, 0, 1, 0, 0, 0, 0, 0, 0, 0]
- row 22: [0, 0, 0, 0, 0, 0, 1, 0, 1, 1, 0, 0, 1, 1, 0, 0, 0, 1, 1, 1, 0, 0, 1, 1, 0, 0, 1, 0, 0, 0]
- row 23: [1, 1, 1, 0, 1, 0, 0, 0, 0, 1, 0, 1, 0, 0, 1, 1, 0, 0, 0, 1, 1, 1, 0, 0, 0, 0, 1, 1, 1, 0]
- row 24: [1, 0, 0, 0, 0, 0, 0, 1, 1, 1, 1, 0, 0, 0, 0, 1, 0, 1, 0, 0, 0, 1, 0, 0, 0, 1, 1, 0, 0, 0]
- row 25: [0, 1, 0, 1, 0, 0, 0, 0, 0, 0, 0, 0, 0, 1, 1, 1, 1, 1, 0, 0, 0, 0, 0, 0, 0, 0, 1, 0, 0, 1]
- row 26: [0, 0, 0, 0, 1, 0, 0, 0, 1, 1, 1, 0, 0, 0, 0, 0, 0, 1, 1, 1, 0, 0, 0, 1, 0, 0, 1, 0, 0, 0]
- row 27: [1, 0, 0, 0, 1, 0, 1, 1, 1, 0, 0, 1, 1, 1, 0, 0, 0, 0, 1, 1, 0, 1, 1, 1, 1, 1, 0, 1, 0, 0]
- row 28: [1, 0, 0, 0, 1, 0, 1, 0, 0, 0, 0, 1, 1, 1, 0, 0, 0, 1, 0, 1, 0, 0, 1, 0, 0, 0, 1, 0, 0, 1]
- row 29: [0, 1, 0, 1, 0, 1, 1, 0, 0, 0, 0, 1, 0, 1, 0, 0, 1, 0, 0, 0, 0, 0, 1, 0, 0, 0, 0, 0, 0, 0]
- row 30: [0, 0, 1, 1, 0, 0, 0, 1, 0, 1, 0, 0, 0, 1, 0, 1, 0, 0, 0, 0, 0, 0, 0, 0, 1, 0, 0, 1, 0, 0]

Decision variables:
- x[v,k] in {0,1}: equals 1 if vertex v is assigned color k, and 0 otherwise.
- y[k] in {0,1}: equals 1 if color k is used by at least one vertex, and 0 otherwise.

Objective:
- Minimize the number of used colors subject to an upper bound of 9 colors.

Constraints:
- For every vertex v in V, exactly one color must be assigned: sum_k x[v,k] = 1.
- For every edge (u,v) in E and every color k in K, adjacent vertices cannot share the same color: x[u,k] + x[v,k] <= 1.
- For every vertex v and color k, color-usage linking is enforced by x[v,k] <= y[k].
- All decision variables are binary.

Metadata:
- seed=7303
- group=A
- graph_generator=community_bridge_optimization
- visual_type=adjacency_matrix
- formulation_size=1938
- task_variant=min_colors
- max_clique_size=7
- degeneracy=7

Visual interpretation:
- The figure is a square adjacency matrix indexed by numeric vertex identifiers.
- Black off-diagonal cells indicate edges and white off-diagonal cells indicate non-edges.
- Grey diagonal cells only mark self-reference positions and do not represent constraints.
- The visual reveals the full graph structure and all variant-specific public parameters, but it does not reveal a valid coloring assignment.
