Canonical specification for a deterministic medium-level graph coloring instance.

Interpretation:
- The graph is undirected and simple.
- Each vertex must receive exactly one color.
- Adjacent vertices must not share the same color.
- This is a color-minimization instance with an explicit upper bound on the number of colors.
- There are no directed edges, hyperedges, or symmetry-breaking constraints.

Sets:
- Vertices V = [1, 2, 3, 4, 5, 6, 7, 8, 9, 10, 11, 12, 13, 14, 15, 16, 17, 18, 19, 20, 21, 22, 23, 24, 25, 26, 27, 28, 29, 30, 31, 32, 33, 34, 35, 36, 37, 38, 39, 40]
- Colors K = [1, 2, 3, 4, 5, 6, 7, 8, 9, 10, 11, 12]

Parameters:
- number_of_vertices = 40
- color_upper_bound = 12
- chromatic_number = 10
- graph_density = 0.3513
- topology_type = symmetric_dense_conflict_graph

Edge set E:
- (1, 2)
- (1, 4)
- (1, 5)
- (1, 6)
- (1, 8)
- (1, 12)
- (1, 13)
- (1, 15)
- (1, 16)
- (1, 18)
- (1, 19)
- (1, 24)
- (1, 25)
- (1, 27)
- (1, 31)
- (1, 32)
- (1, 33)
- (1, 34)
- (1, 37)
- (1, 39)
- (2, 4)
- (2, 7)
- (2, 10)
- (2, 12)
- (2, 13)
- (2, 15)
- (2, 18)
- (2, 19)
- (2, 21)
- (2, 23)
- (2, 25)
- (2, 27)
- (2, 32)
- (2, 36)
- (2, 37)
- (3, 5)
- (3, 6)
- (3, 7)
- (3, 9)
- (3, 10)
- (3, 12)
- (3, 21)
- (3, 22)
- (3, 23)
- (3, 25)
- (3, 26)
- (3, 27)
- (3, 34)
- (3, 36)
- (3, 38)
- (4, 5)
- (4, 6)
- (4, 8)
- (4, 9)
- (4, 12)
- (4, 15)
- (4, 18)
- (4, 19)
- (4, 20)
- (4, 25)
- (4, 27)
- (4, 29)
- (4, 31)
- (4, 32)
- (4, 35)
- (4, 39)
- (5, 6)
- (5, 11)
- (5, 19)
- (5, 20)
- (5, 21)
- (5, 24)
- (5, 25)
- (5, 26)
- (5, 33)
- (5, 40)
- (6, 11)
- (6, 14)
- (6, 19)
- (6, 20)
- (6, 22)
- (6, 23)
- (6, 25)
- (6, 28)
- (6, 29)
- (6, 36)
- (6, 37)
- (7, 13)
- (7, 14)
- (7, 16)
- (7, 25)
- (7, 26)
- (7, 34)
- (7, 36)
- (7, 37)
- (8, 11)
- (8, 15)
- (8, 16)
- (8, 20)
- (8, 26)
- (8, 29)
- (8, 30)
- (8, 39)
- (8, 40)
- (9, 12)
- (9, 14)
- (9, 19)
- (9, 20)
- (9, 22)
- (9, 23)
- (9, 27)
- (9, 37)
- (10, 13)
- (10, 14)
- (10, 19)
- (10, 21)
- (10, 22)
- (10, 25)
- (10, 28)
- (10, 34)
- (11, 16)
- (11, 17)
- (11, 18)
- (11, 20)
- (11, 24)
- (11, 26)
- (11, 29)
- (11, 31)
- (11, 33)
- (11, 39)
- (12, 13)
- (12, 14)
- (12, 15)
- (12, 18)
- (12, 19)
- (12, 22)
- (12, 23)
- (12, 24)
- (12, 25)
- (12, 27)
- (12, 32)
- (12, 34)
- (12, 37)
- (12, 40)
- (13, 14)
- (13, 17)
- (13, 19)
- (13, 20)
- (13, 22)
- (13, 26)
- (13, 28)
- (13, 35)
- (13, 37)
- (14, 17)
- (14, 20)
- (14, 21)
- (14, 22)
- (14, 23)
- (14, 24)
- (14, 30)
- (14, 36)
- (14, 38)
- (15, 18)
- (15, 19)
- (15, 20)
- (15, 25)
- (15, 26)
- (15, 27)
- (15, 28)
- (15, 31)
- (15, 32)
- (15, 33)
- (15, 36)
- (16, 21)
- (16, 30)
- (16, 31)
- (16, 33)
- (16, 34)
- (16, 37)
- (16, 38)
- (16, 40)
- (17, 19)
- (17, 22)
- (17, 23)
- (17, 25)
- (17, 27)
- (17, 36)
- (17, 37)
- (18, 19)
- (18, 21)
- (18, 25)
- (18, 27)
- (18, 28)
- (18, 32)
- (18, 33)
- (18, 36)
- (18, 38)
- (18, 40)
- (19, 21)
- (19, 25)
- (19, 27)
- (19, 28)
- (19, 32)
- (20, 24)
- (20, 30)
- (20, 32)
- (20, 33)
- (20, 35)
- (20, 39)
- (21, 22)
- (21, 23)
- (21, 25)
- (21, 29)
- (21, 33)
- (21, 34)
- (21, 36)
- (21, 37)
- (22, 27)
- (22, 28)
- (22, 34)
- (22, 35)
- (22, 37)
- (23, 29)
- (23, 34)
- (23, 37)
- (24, 29)
- (24, 31)
- (24, 32)
- (24, 33)
- (24, 36)
- (24, 40)
- (25, 26)
- (25, 27)
- (25, 28)
- (25, 32)
- (25, 34)
- (25, 35)
- (25, 37)
- (26, 30)
- (26, 31)
- (26, 32)
- (26, 33)
- (26, 39)
- (26, 40)
- (27, 28)
- (27, 30)
- (27, 31)
- (27, 32)
- (27, 34)
- (27, 35)
- (27, 37)
- (27, 38)
- (28, 31)
- (28, 32)
- (28, 35)
- (28, 37)
- (28, 39)
- (29, 30)
- (29, 32)
- (29, 33)
- (29, 34)
- (30, 40)
- (31, 38)
- (31, 39)
- (32, 39)
- (33, 34)
- (33, 35)
- (33, 37)
- (33, 38)
- (33, 39)
- (35, 39)
- (35, 40)
- (36, 38)
- (38, 40)

Adjacency list:
- N(1) = [2, 4, 5, 6, 8, 12, 13, 15, 16, 18, 19, 24, 25, 27, 31, 32, 33, 34, 37, 39]
- N(2) = [1, 4, 7, 10, 12, 13, 15, 18, 19, 21, 23, 25, 27, 32, 36, 37]
- N(3) = [5, 6, 7, 9, 10, 12, 21, 22, 23, 25, 26, 27, 34, 36, 38]
- N(4) = [1, 2, 5, 6, 8, 9, 12, 15, 18, 19, 20, 25, 27, 29, 31, 32, 35, 39]
- N(5) = [1, 3, 4, 6, 11, 19, 20, 21, 24, 25, 26, 33, 40]
- N(6) = [1, 3, 4, 5, 11, 14, 19, 20, 22, 23, 25, 28, 29, 36, 37]
- N(7) = [2, 3, 13, 14, 16, 25, 26, 34, 36, 37]
- N(8) = [1, 4, 11, 15, 16, 20, 26, 29, 30, 39, 40]
- N(9) = [3, 4, 12, 14, 19, 20, 22, 23, 27, 37]
- N(10) = [2, 3, 13, 14, 19, 21, 22, 25, 28, 34]
- N(11) = [5, 6, 8, 16, 17, 18, 20, 24, 26, 29, 31, 33, 39]
- N(12) = [1, 2, 3, 4, 9, 13, 14, 15, 18, 19, 22, 23, 24, 25, 27, 32, 34, 37, 40]
- N(13) = [1, 2, 7, 10, 12, 14, 17, 19, 20, 22, 26, 28, 35, 37]
- N(14) = [6, 7, 9, 10, 12, 13, 17, 20, 21, 22, 23, 24, 30, 36, 38]
- N(15) = [1, 2, 4, 8, 12, 18, 19, 20, 25, 26, 27, 28, 31, 32, 33, 36]
- N(16) = [1, 7, 8, 11, 21, 30, 31, 33, 34, 37, 38, 40]
- N(17) = [11, 13, 14, 19, 22, 23, 25, 27, 36, 37]
- N(18) = [1, 2, 4, 11, 12, 15, 19, 21, 25, 27, 28, 32, 33, 36, 38, 40]
- N(19) = [1, 2, 4, 5, 6, 9, 10, 12, 13, 15, 17, 18, 21, 25, 27, 28, 32]
- N(20) = [4, 5, 6, 8, 9, 11, 13, 14, 15, 24, 30, 32, 33, 35, 39]
- N(21) = [2, 3, 5, 10, 14, 16, 18, 19, 22, 23, 25, 29, 33, 34, 36, 37]
- N(22) = [3, 6, 9, 10, 12, 13, 14, 17, 21, 27, 28, 34, 35, 37]
- N(23) = [2, 3, 6, 9, 12, 14, 17, 21, 29, 34, 37]
- N(24) = [1, 5, 11, 12, 14, 20, 29, 31, 32, 33, 36, 40]
- N(25) = [1, 2, 3, 4, 5, 6, 7, 10, 12, 15, 17, 18, 19, 21, 26, 27, 28, 32, 34, 35, 37]
- N(26) = [3, 5, 7, 8, 11, 13, 15, 25, 30, 31, 32, 33, 39, 40]
- N(27) = [1, 2, 3, 4, 9, 12, 15, 17, 18, 19, 22, 25, 28, 30, 31, 32, 34, 35, 37, 38]
- N(28) = [6, 10, 13, 15, 18, 19, 22, 25, 27, 31, 32, 35, 37, 39]
- N(29) = [4, 6, 8, 11, 21, 23, 24, 30, 32, 33, 34]
- N(30) = [8, 14, 16, 20, 26, 27, 29, 40]
- N(31) = [1, 4, 11, 15, 16, 24, 26, 27, 28, 38, 39]
- N(32) = [1, 2, 4, 12, 15, 18, 19, 20, 24, 25, 26, 27, 28, 29, 39]
- N(33) = [1, 5, 11, 15, 16, 18, 20, 21, 24, 26, 29, 34, 35, 37, 38, 39]
- N(34) = [1, 3, 7, 10, 12, 16, 21, 22, 23, 25, 27, 29, 33]
- N(35) = [4, 13, 20, 22, 25, 27, 28, 33, 39, 40]
- N(36) = [2, 3, 6, 7, 14, 15, 17, 18, 21, 24, 38]
- N(37) = [1, 2, 6, 7, 9, 12, 13, 16, 17, 21, 22, 23, 25, 27, 28, 33]
- N(38) = [3, 14, 16, 18, 27, 31, 33, 36, 40]
- N(39) = [1, 4, 8, 11, 20, 26, 28, 31, 32, 33, 35]
- N(40) = [5, 8, 12, 16, 18, 24, 26, 30, 35, 38]

Adjacency matrix rows (0/1 form, with diagonal omitted from constraints):
- row 1: [0, 1, 0, 1, 1, 1, 0, 1, 0, 0, 0, 1, 1, 0, 1, 1, 0, 1, 1, 0, 0, 0, 0, 1, 1, 0, 1, 0, 0, 0, 1, 1, 1, 1, 0, 0, 1, 0, 1, 0]
- row 2: [1, 0, 0, 1, 0, 0, 1, 0, 0, 1, 0, 1, 1, 0, 1, 0, 0, 1, 1, 0, 1, 0, 1, 0, 1, 0, 1, 0, 0, 0, 0, 1, 0, 0, 0, 1, 1, 0, 0, 0]
- row 3: [0, 0, 0, 0, 1, 1, 1, 0, 1, 1, 0, 1, 0, 0, 0, 0, 0, 0, 0, 0, 1, 1, 1, 0, 1, 1, 1, 0, 0, 0, 0, 0, 0, 1, 0, 1, 0, 1, 0, 0]
- row 4: [1, 1, 0, 0, 1, 1, 0, 1, 1, 0, 0, 1, 0, 0, 1, 0, 0, 1, 1, 1, 0, 0, 0, 0, 1, 0, 1, 0, 1, 0, 1, 1, 0, 0, 1, 0, 0, 0, 1, 0]
- row 5: [1, 0, 1, 1, 0, 1, 0, 0, 0, 0, 1, 0, 0, 0, 0, 0, 0, 0, 1, 1, 1, 0, 0, 1, 1, 1, 0, 0, 0, 0, 0, 0, 1, 0, 0, 0, 0, 0, 0, 1]
- row 6: [1, 0, 1, 1, 1, 0, 0, 0, 0, 0, 1, 0, 0, 1, 0, 0, 0, 0, 1, 1, 0, 1, 1, 0, 1, 0, 0, 1, 1, 0, 0, 0, 0, 0, 0, 1, 1, 0, 0, 0]
- row 7: [0, 1, 1, 0, 0, 0, 0, 0, 0, 0, 0, 0, 1, 1, 0, 1, 0, 0, 0, 0, 0, 0, 0, 0, 1, 1, 0, 0, 0, 0, 0, 0, 0, 1, 0, 1, 1, 0, 0, 0]
- row 8: [1, 0, 0, 1, 0, 0, 0, 0, 0, 0, 1, 0, 0, 0, 1, 1, 0, 0, 0, 1, 0, 0, 0, 0, 0, 1, 0, 0, 1, 1, 0, 0, 0, 0, 0, 0, 0, 0, 1, 1]
- row 9: [0, 0, 1, 1, 0, 0, 0, 0, 0, 0, 0, 1, 0, 1, 0, 0, 0, 0, 1, 1, 0, 1, 1, 0, 0, 0, 1, 0, 0, 0, 0, 0, 0, 0, 0, 0, 1, 0, 0, 0]
- row 10: [0, 1, 1, 0, 0, 0, 0, 0, 0, 0, 0, 0, 1, 1, 0, 0, 0, 0, 1, 0, 1, 1, 0, 0, 1, 0, 0, 1, 0, 0, 0, 0, 0, 1, 0, 0, 0, 0, 0, 0]
- row 11: [0, 0, 0, 0, 1, 1, 0, 1, 0, 0, 0, 0, 0, 0, 0, 1, 1, 1, 0, 1, 0, 0, 0, 1, 0, 1, 0, 0, 1, 0, 1, 0, 1, 0, 0, 0, 0, 0, 1, 0]
- row 12: [1, 1, 1, 1, 0, 0, 0, 0, 1, 0, 0, 0, 1, 1, 1, 0, 0, 1, 1, 0, 0, 1, 1, 1, 1, 0, 1, 0, 0, 0, 0, 1, 0, 1, 0, 0, 1, 0, 0, 1]
- row 13: [1, 1, 0, 0, 0, 0, 1, 0, 0, 1, 0, 1, 0, 1, 0, 0, 1, 0, 1, 1, 0, 1, 0, 0, 0, 1, 0, 1, 0, 0, 0, 0, 0, 0, 1, 0, 1, 0, 0, 0]
- row 14: [0, 0, 0, 0, 0, 1, 1, 0, 1, 1, 0, 1, 1, 0, 0, 0, 1, 0, 0, 1, 1, 1, 1, 1, 0, 0, 0, 0, 0, 1, 0, 0, 0, 0, 0, 1, 0, 1, 0, 0]
- row 15: [1, 1, 0, 1, 0, 0, 0, 1, 0, 0, 0, 1, 0, 0, 0, 0, 0, 1, 1, 1, 0, 0, 0, 0, 1, 1, 1, 1, 0, 0, 1, 1, 1, 0, 0, 1, 0, 0, 0, 0]
- row 16: [1, 0, 0, 0, 0, 0, 1, 1, 0, 0, 1, 0, 0, 0, 0, 0, 0, 0, 0, 0, 1, 0, 0, 0, 0, 0, 0, 0, 0, 1, 1, 0, 1, 1, 0, 0, 1, 1, 0, 1]
- row 17: [0, 0, 0, 0, 0, 0, 0, 0, 0, 0, 1, 0, 1, 1, 0, 0, 0, 0, 1, 0, 0, 1, 1, 0, 1, 0, 1, 0, 0, 0, 0, 0, 0, 0, 0, 1, 1, 0, 0, 0]
- row 18: [1, 1, 0, 1, 0, 0, 0, 0, 0, 0, 1, 1, 0, 0, 1, 0, 0, 0, 1, 0, 1, 0, 0, 0, 1, 0, 1, 1, 0, 0, 0, 1, 1, 0, 0, 1, 0, 1, 0, 1]
- row 19: [1, 1, 0, 1, 1, 1, 0, 0, 1, 1, 0, 1, 1, 0, 1, 0, 1, 1, 0, 0, 1, 0, 0, 0, 1, 0, 1, 1, 0, 0, 0, 1, 0, 0, 0, 0, 0, 0, 0, 0]
- row 20: [0, 0, 0, 1, 1, 1, 0, 1, 1, 0, 1, 0, 1, 1, 1, 0, 0, 0, 0, 0, 0, 0, 0, 1, 0, 0, 0, 0, 0, 1, 0, 1, 1, 0, 1, 0, 0, 0, 1, 0]
- row 21: [0, 1, 1, 0, 1, 0, 0, 0, 0, 1, 0, 0, 0, 1, 0, 1, 0, 1, 1, 0, 0, 1, 1, 0, 1, 0, 0, 0, 1, 0, 0, 0, 1, 1, 0, 1, 1, 0, 0, 0]
- row 22: [0, 0, 1, 0, 0, 1, 0, 0, 1, 1, 0, 1, 1, 1, 0, 0, 1, 0, 0, 0, 1, 0, 0, 0, 0, 0, 1, 1, 0, 0, 0, 0, 0, 1, 1, 0, 1, 0, 0, 0]
- row 23: [0, 1, 1, 0, 0, 1, 0, 0, 1, 0, 0, 1, 0, 1, 0, 0, 1, 0, 0, 0, 1, 0, 0, 0, 0, 0, 0, 0, 1, 0, 0, 0, 0, 1, 0, 0, 1, 0, 0, 0]
- row 24: [1, 0, 0, 0, 1, 0, 0, 0, 0, 0, 1, 1, 0, 1, 0, 0, 0, 0, 0, 1, 0, 0, 0, 0, 0, 0, 0, 0, 1, 0, 1, 1, 1, 0, 0, 1, 0, 0, 0, 1]
- row 25: [1, 1, 1, 1, 1, 1, 1, 0, 0, 1, 0, 1, 0, 0, 1, 0, 1, 1, 1, 0, 1, 0, 0, 0, 0, 1, 1, 1, 0, 0, 0, 1, 0, 1, 1, 0, 1, 0, 0, 0]
- row 26: [0, 0, 1, 0, 1, 0, 1, 1, 0, 0, 1, 0, 1, 0, 1, 0, 0, 0, 0, 0, 0, 0, 0, 0, 1, 0, 0, 0, 0, 1, 1, 1, 1, 0, 0, 0, 0, 0, 1, 1]
- row 27: [1, 1, 1, 1, 0, 0, 0, 0, 1, 0, 0, 1, 0, 0, 1, 0, 1, 1, 1, 0, 0, 1, 0, 0, 1, 0, 0, 1, 0, 1, 1, 1, 0, 1, 1, 0, 1, 1, 0, 0]
- row 28: [0, 0, 0, 0, 0, 1, 0, 0, 0, 1, 0, 0, 1, 0, 1, 0, 0, 1, 1, 0, 0, 1, 0, 0, 1, 0, 1, 0, 0, 0, 1, 1, 0, 0, 1, 0, 1, 0, 1, 0]
- row 29: [0, 0, 0, 1, 0, 1, 0, 1, 0, 0, 1, 0, 0, 0, 0, 0, 0, 0, 0, 0, 1, 0, 1, 1, 0, 0, 0, 0, 0, 1, 0, 1, 1, 1, 0, 0, 0, 0, 0, 0]
- row 30: [0, 0, 0, 0, 0, 0, 0, 1, 0, 0, 0, 0, 0, 1, 0, 1, 0, 0, 0, 1, 0, 0, 0, 0, 0, 1, 1, 0, 1, 0, 0, 0, 0, 0, 0, 0, 0, 0, 0, 1]
- row 31: [1, 0, 0, 1, 0, 0, 0, 0, 0, 0, 1, 0, 0, 0, 1, 1, 0, 0, 0, 0, 0, 0, 0, 1, 0, 1, 1, 1, 0, 0, 0, 0, 0, 0, 0, 0, 0, 1, 1, 0]
- row 32: [1, 1, 0, 1, 0, 0, 0, 0, 0, 0, 0, 1, 0, 0, 1, 0, 0, 1, 1, 1, 0, 0, 0, 1, 1, 1, 1, 1, 1, 0, 0, 0, 0, 0, 0, 0, 0, 0, 1, 0]
- row 33: [1, 0, 0, 0, 1, 0, 0, 0, 0, 0, 1, 0, 0, 0, 1, 1, 0, 1, 0, 1, 1, 0, 0, 1, 0, 1, 0, 0, 1, 0, 0, 0, 0, 1, 1, 0, 1, 1, 1, 0]
- row 34: [1, 0, 1, 0, 0, 0, 1, 0, 0, 1, 0, 1, 0, 0, 0, 1, 0, 0, 0, 0, 1, 1, 1, 0, 1, 0, 1, 0, 1, 0, 0, 0, 1, 0, 0, 0, 0, 0, 0, 0]
- row 35: [0, 0, 0, 1, 0, 0, 0, 0, 0, 0, 0, 0, 1, 0, 0, 0, 0, 0, 0, 1, 0, 1, 0, 0, 1, 0, 1, 1, 0, 0, 0, 0, 1, 0, 0, 0, 0, 0, 1, 1]
- row 36: [0, 1, 1, 0, 0, 1, 1, 0, 0, 0, 0, 0, 0, 1, 1, 0, 1, 1, 0, 0, 1, 0, 0, 1, 0, 0, 0, 0, 0, 0, 0, 0, 0, 0, 0, 0, 0, 1, 0, 0]
- row 37: [1, 1, 0, 0, 0, 1, 1, 0, 1, 0, 0, 1, 1, 0, 0, 1, 1, 0, 0, 0, 1, 1, 1, 0, 1, 0, 1, 1, 0, 0, 0, 0, 1, 0, 0, 0, 0, 0, 0, 0]
- row 38: [0, 0, 1, 0, 0, 0, 0, 0, 0, 0, 0, 0, 0, 1, 0, 1, 0, 1, 0, 0, 0, 0, 0, 0, 0, 0, 1, 0, 0, 0, 1, 0, 1, 0, 0, 1, 0, 0, 0, 1]
- row 39: [1, 0, 0, 1, 0, 0, 0, 1, 0, 0, 1, 0, 0, 0, 0, 0, 0, 0, 0, 1, 0, 0, 0, 0, 0, 1, 0, 1, 0, 0, 1, 1, 1, 0, 1, 0, 0, 0, 0, 0]
- row 40: [0, 0, 0, 0, 1, 0, 0, 1, 0, 0, 0, 1, 0, 0, 0, 1, 0, 1, 0, 0, 0, 0, 0, 1, 0, 1, 0, 0, 0, 1, 0, 0, 0, 0, 1, 0, 0, 1, 0, 0]

Decision variables:
- x[v,k] in {0,1}: equals 1 if vertex v is assigned color k, and 0 otherwise.
- y[k] in {0,1}: equals 1 if color k is used by at least one vertex, and 0 otherwise.

Objective:
- Minimize the number of used colors subject to an upper bound of 12 colors.

Constraints:
- For every vertex v in V, exactly one color must be assigned: sum_k x[v,k] = 1.
- For every edge (u,v) in E and every color k in K, adjacent vertices cannot share the same color: x[u,k] + x[v,k] <= 1.
- For every vertex v and color k, color-usage linking is enforced by x[v,k] <= y[k].
- All decision variables are binary.

Metadata:
- seed=7310
- group=C
- graph_generator=community_bridge_optimization
- visual_type=adjacency_matrix
- formulation_size=4300
- task_variant=min_colors
- max_clique_size=10
- degeneracy=9

Visual interpretation:
- The figure is a square adjacency matrix indexed by numeric vertex identifiers.
- Black off-diagonal cells indicate edges and white off-diagonal cells indicate non-edges.
- Grey diagonal cells only mark self-reference positions and do not represent constraints.
- The visual reveals the full graph structure and all variant-specific public parameters, but it does not reveal a valid coloring assignment.
