Canonical specification for a deterministic medium-level graph coloring instance.

Interpretation:
- The graph is undirected and simple.
- Each vertex must receive exactly one color.
- Adjacent vertices must not share the same color.
- This is a color-minimization instance with an explicit upper bound on the number of colors.
- There are no directed edges, hyperedges, or symmetry-breaking constraints.

Sets:
- Vertices V = [1, 2, 3, 4, 5, 6, 7, 8, 9, 10, 11, 12, 13, 14, 15, 16, 17, 18, 19, 20, 21, 22, 23, 24, 25, 26, 27, 28, 29, 30, 31, 32, 33]
- Colors K = [1, 2, 3, 4, 5, 6, 7, 8, 9, 10]

Parameters:
- number_of_vertices = 33
- color_upper_bound = 10
- chromatic_number = 8
- graph_density = 0.3333
- topology_type = mixed_community_random_graph

Edge set E:
- (1, 2)
- (1, 3)
- (1, 14)
- (1, 18)
- (1, 19)
- (1, 21)
- (1, 26)
- (1, 30)
- (2, 3)
- (2, 6)
- (2, 7)
- (2, 9)
- (2, 12)
- (2, 14)
- (2, 18)
- (2, 30)
- (3, 8)
- (3, 9)
- (3, 12)
- (3, 13)
- (3, 14)
- (3, 15)
- (3, 20)
- (3, 21)
- (3, 23)
- (3, 25)
- (3, 32)
- (4, 7)
- (4, 15)
- (4, 23)
- (4, 28)
- (4, 31)
- (4, 32)
- (4, 33)
- (5, 6)
- (5, 10)
- (5, 12)
- (5, 14)
- (5, 15)
- (5, 17)
- (5, 20)
- (5, 21)
- (5, 22)
- (5, 23)
- (5, 25)
- (5, 27)
- (6, 20)
- (6, 21)
- (7, 8)
- (7, 10)
- (7, 11)
- (7, 24)
- (7, 28)
- (7, 29)
- (7, 30)
- (7, 31)
- (8, 12)
- (8, 13)
- (8, 16)
- (8, 21)
- (8, 22)
- (8, 26)
- (8, 28)
- (8, 31)
- (8, 32)
- (8, 33)
- (9, 10)
- (9, 11)
- (9, 12)
- (9, 13)
- (9, 15)
- (9, 22)
- (9, 26)
- (9, 27)
- (9, 28)
- (9, 29)
- (9, 31)
- (10, 11)
- (10, 13)
- (10, 18)
- (10, 28)
- (10, 29)
- (10, 30)
- (11, 12)
- (11, 14)
- (11, 15)
- (11, 16)
- (11, 17)
- (11, 20)
- (11, 28)
- (11, 32)
- (11, 33)
- (12, 14)
- (12, 16)
- (12, 17)
- (12, 18)
- (12, 19)
- (12, 21)
- (12, 22)
- (12, 23)
- (12, 24)
- (12, 26)
- (12, 30)
- (12, 31)
- (12, 32)
- (12, 33)
- (13, 24)
- (13, 27)
- (13, 29)
- (13, 30)
- (13, 31)
- (13, 32)
- (13, 33)
- (14, 15)
- (14, 16)
- (14, 20)
- (14, 21)
- (14, 23)
- (14, 25)
- (14, 30)
- (15, 25)
- (15, 27)
- (15, 29)
- (16, 20)
- (16, 21)
- (16, 22)
- (16, 24)
- (16, 26)
- (16, 27)
- (16, 31)
- (16, 32)
- (16, 33)
- (17, 18)
- (17, 19)
- (17, 22)
- (17, 25)
- (17, 26)
- (17, 33)
- (18, 21)
- (18, 23)
- (18, 25)
- (18, 26)
- (19, 21)
- (19, 23)
- (19, 30)
- (20, 26)
- (20, 30)
- (21, 22)
- (21, 25)
- (21, 26)
- (21, 30)
- (21, 31)
- (21, 33)
- (22, 23)
- (22, 25)
- (22, 26)
- (22, 30)
- (22, 31)
- (22, 33)
- (23, 26)
- (23, 30)
- (24, 25)
- (24, 26)
- (24, 33)
- (25, 26)
- (25, 27)
- (26, 31)
- (26, 33)
- (27, 28)
- (27, 29)
- (27, 33)
- (28, 31)
- (29, 30)
- (29, 31)
- (31, 32)
- (31, 33)

Adjacency list:
- N(1) = [2, 3, 14, 18, 19, 21, 26, 30]
- N(2) = [1, 3, 6, 7, 9, 12, 14, 18, 30]
- N(3) = [1, 2, 8, 9, 12, 13, 14, 15, 20, 21, 23, 25, 32]
- N(4) = [7, 15, 23, 28, 31, 32, 33]
- N(5) = [6, 10, 12, 14, 15, 17, 20, 21, 22, 23, 25, 27]
- N(6) = [2, 5, 20, 21]
- N(7) = [2, 4, 8, 10, 11, 24, 28, 29, 30, 31]
- N(8) = [3, 7, 12, 13, 16, 21, 22, 26, 28, 31, 32, 33]
- N(9) = [2, 3, 10, 11, 12, 13, 15, 22, 26, 27, 28, 29, 31]
- N(10) = [5, 7, 9, 11, 13, 18, 28, 29, 30]
- N(11) = [7, 9, 10, 12, 14, 15, 16, 17, 20, 28, 32, 33]
- N(12) = [2, 3, 5, 8, 9, 11, 14, 16, 17, 18, 19, 21, 22, 23, 24, 26, 30, 31, 32, 33]
- N(13) = [3, 8, 9, 10, 24, 27, 29, 30, 31, 32, 33]
- N(14) = [1, 2, 3, 5, 11, 12, 15, 16, 20, 21, 23, 25, 30]
- N(15) = [3, 4, 5, 9, 11, 14, 25, 27, 29]
- N(16) = [8, 11, 12, 14, 20, 21, 22, 24, 26, 27, 31, 32, 33]
- N(17) = [5, 11, 12, 18, 19, 22, 25, 26, 33]
- N(18) = [1, 2, 10, 12, 17, 21, 23, 25, 26]
- N(19) = [1, 12, 17, 21, 23, 30]
- N(20) = [3, 5, 6, 11, 14, 16, 26, 30]
- N(21) = [1, 3, 5, 6, 8, 12, 14, 16, 18, 19, 22, 25, 26, 30, 31, 33]
- N(22) = [5, 8, 9, 12, 16, 17, 21, 23, 25, 26, 30, 31, 33]
- N(23) = [3, 4, 5, 12, 14, 18, 19, 22, 26, 30]
- N(24) = [7, 12, 13, 16, 25, 26, 33]
- N(25) = [3, 5, 14, 15, 17, 18, 21, 22, 24, 26, 27]
- N(26) = [1, 8, 9, 12, 16, 17, 18, 20, 21, 22, 23, 24, 25, 31, 33]
- N(27) = [5, 9, 13, 15, 16, 25, 28, 29, 33]
- N(28) = [4, 7, 8, 9, 10, 11, 27, 31]
- N(29) = [7, 9, 10, 13, 15, 27, 30, 31]
- N(30) = [1, 2, 7, 10, 12, 13, 14, 19, 20, 21, 22, 23, 29]
- N(31) = [4, 7, 8, 9, 12, 13, 16, 21, 22, 26, 28, 29, 32, 33]
- N(32) = [3, 4, 8, 11, 12, 13, 16, 31]
- N(33) = [4, 8, 11, 12, 13, 16, 17, 21, 22, 24, 26, 27, 31]

Adjacency matrix rows (0/1 form, with diagonal omitted from constraints):
- row 1: [0, 1, 1, 0, 0, 0, 0, 0, 0, 0, 0, 0, 0, 1, 0, 0, 0, 1, 1, 0, 1, 0, 0, 0, 0, 1, 0, 0, 0, 1, 0, 0, 0]
- row 2: [1, 0, 1, 0, 0, 1, 1, 0, 1, 0, 0, 1, 0, 1, 0, 0, 0, 1, 0, 0, 0, 0, 0, 0, 0, 0, 0, 0, 0, 1, 0, 0, 0]
- row 3: [1, 1, 0, 0, 0, 0, 0, 1, 1, 0, 0, 1, 1, 1, 1, 0, 0, 0, 0, 1, 1, 0, 1, 0, 1, 0, 0, 0, 0, 0, 0, 1, 0]
- row 4: [0, 0, 0, 0, 0, 0, 1, 0, 0, 0, 0, 0, 0, 0, 1, 0, 0, 0, 0, 0, 0, 0, 1, 0, 0, 0, 0, 1, 0, 0, 1, 1, 1]
- row 5: [0, 0, 0, 0, 0, 1, 0, 0, 0, 1, 0, 1, 0, 1, 1, 0, 1, 0, 0, 1, 1, 1, 1, 0, 1, 0, 1, 0, 0, 0, 0, 0, 0]
- row 6: [0, 1, 0, 0, 1, 0, 0, 0, 0, 0, 0, 0, 0, 0, 0, 0, 0, 0, 0, 1, 1, 0, 0, 0, 0, 0, 0, 0, 0, 0, 0, 0, 0]
- row 7: [0, 1, 0, 1, 0, 0, 0, 1, 0, 1, 1, 0, 0, 0, 0, 0, 0, 0, 0, 0, 0, 0, 0, 1, 0, 0, 0, 1, 1, 1, 1, 0, 0]
- row 8: [0, 0, 1, 0, 0, 0, 1, 0, 0, 0, 0, 1, 1, 0, 0, 1, 0, 0, 0, 0, 1, 1, 0, 0, 0, 1, 0, 1, 0, 0, 1, 1, 1]
- row 9: [0, 1, 1, 0, 0, 0, 0, 0, 0, 1, 1, 1, 1, 0, 1, 0, 0, 0, 0, 0, 0, 1, 0, 0, 0, 1, 1, 1, 1, 0, 1, 0, 0]
- row 10: [0, 0, 0, 0, 1, 0, 1, 0, 1, 0, 1, 0, 1, 0, 0, 0, 0, 1, 0, 0, 0, 0, 0, 0, 0, 0, 0, 1, 1, 1, 0, 0, 0]
- row 11: [0, 0, 0, 0, 0, 0, 1, 0, 1, 1, 0, 1, 0, 1, 1, 1, 1, 0, 0, 1, 0, 0, 0, 0, 0, 0, 0, 1, 0, 0, 0, 1, 1]
- row 12: [0, 1, 1, 0, 1, 0, 0, 1, 1, 0, 1, 0, 0, 1, 0, 1, 1, 1, 1, 0, 1, 1, 1, 1, 0, 1, 0, 0, 0, 1, 1, 1, 1]
- row 13: [0, 0, 1, 0, 0, 0, 0, 1, 1, 1, 0, 0, 0, 0, 0, 0, 0, 0, 0, 0, 0, 0, 0, 1, 0, 0, 1, 0, 1, 1, 1, 1, 1]
- row 14: [1, 1, 1, 0, 1, 0, 0, 0, 0, 0, 1, 1, 0, 0, 1, 1, 0, 0, 0, 1, 1, 0, 1, 0, 1, 0, 0, 0, 0, 1, 0, 0, 0]
- row 15: [0, 0, 1, 1, 1, 0, 0, 0, 1, 0, 1, 0, 0, 1, 0, 0, 0, 0, 0, 0, 0, 0, 0, 0, 1, 0, 1, 0, 1, 0, 0, 0, 0]
- row 16: [0, 0, 0, 0, 0, 0, 0, 1, 0, 0, 1, 1, 0, 1, 0, 0, 0, 0, 0, 1, 1, 1, 0, 1, 0, 1, 1, 0, 0, 0, 1, 1, 1]
- row 17: [0, 0, 0, 0, 1, 0, 0, 0, 0, 0, 1, 1, 0, 0, 0, 0, 0, 1, 1, 0, 0, 1, 0, 0, 1, 1, 0, 0, 0, 0, 0, 0, 1]
- row 18: [1, 1, 0, 0, 0, 0, 0, 0, 0, 1, 0, 1, 0, 0, 0, 0, 1, 0, 0, 0, 1, 0, 1, 0, 1, 1, 0, 0, 0, 0, 0, 0, 0]
- row 19: [1, 0, 0, 0, 0, 0, 0, 0, 0, 0, 0, 1, 0, 0, 0, 0, 1, 0, 0, 0, 1, 0, 1, 0, 0, 0, 0, 0, 0, 1, 0, 0, 0]
- row 20: [0, 0, 1, 0, 1, 1, 0, 0, 0, 0, 1, 0, 0, 1, 0, 1, 0, 0, 0, 0, 0, 0, 0, 0, 0, 1, 0, 0, 0, 1, 0, 0, 0]
- row 21: [1, 0, 1, 0, 1, 1, 0, 1, 0, 0, 0, 1, 0, 1, 0, 1, 0, 1, 1, 0, 0, 1, 0, 0, 1, 1, 0, 0, 0, 1, 1, 0, 1]
- row 22: [0, 0, 0, 0, 1, 0, 0, 1, 1, 0, 0, 1, 0, 0, 0, 1, 1, 0, 0, 0, 1, 0, 1, 0, 1, 1, 0, 0, 0, 1, 1, 0, 1]
- row 23: [0, 0, 1, 1, 1, 0, 0, 0, 0, 0, 0, 1, 0, 1, 0, 0, 0, 1, 1, 0, 0, 1, 0, 0, 0, 1, 0, 0, 0, 1, 0, 0, 0]
- row 24: [0, 0, 0, 0, 0, 0, 1, 0, 0, 0, 0, 1, 1, 0, 0, 1, 0, 0, 0, 0, 0, 0, 0, 0, 1, 1, 0, 0, 0, 0, 0, 0, 1]
- row 25: [0, 0, 1, 0, 1, 0, 0, 0, 0, 0, 0, 0, 0, 1, 1, 0, 1, 1, 0, 0, 1, 1, 0, 1, 0, 1, 1, 0, 0, 0, 0, 0, 0]
- row 26: [1, 0, 0, 0, 0, 0, 0, 1, 1, 0, 0, 1, 0, 0, 0, 1, 1, 1, 0, 1, 1, 1, 1, 1, 1, 0, 0, 0, 0, 0, 1, 0, 1]
- row 27: [0, 0, 0, 0, 1, 0, 0, 0, 1, 0, 0, 0, 1, 0, 1, 1, 0, 0, 0, 0, 0, 0, 0, 0, 1, 0, 0, 1, 1, 0, 0, 0, 1]
- row 28: [0, 0, 0, 1, 0, 0, 1, 1, 1, 1, 1, 0, 0, 0, 0, 0, 0, 0, 0, 0, 0, 0, 0, 0, 0, 0, 1, 0, 0, 0, 1, 0, 0]
- row 29: [0, 0, 0, 0, 0, 0, 1, 0, 1, 1, 0, 0, 1, 0, 1, 0, 0, 0, 0, 0, 0, 0, 0, 0, 0, 0, 1, 0, 0, 1, 1, 0, 0]
- row 30: [1, 1, 0, 0, 0, 0, 1, 0, 0, 1, 0, 1, 1, 1, 0, 0, 0, 0, 1, 1, 1, 1, 1, 0, 0, 0, 0, 0, 1, 0, 0, 0, 0]
- row 31: [0, 0, 0, 1, 0, 0, 1, 1, 1, 0, 0, 1, 1, 0, 0, 1, 0, 0, 0, 0, 1, 1, 0, 0, 0, 1, 0, 1, 1, 0, 0, 1, 1]
- row 32: [0, 0, 1, 1, 0, 0, 0, 1, 0, 0, 1, 1, 1, 0, 0, 1, 0, 0, 0, 0, 0, 0, 0, 0, 0, 0, 0, 0, 0, 0, 1, 0, 0]
- row 33: [0, 0, 0, 1, 0, 0, 0, 1, 0, 0, 1, 1, 1, 0, 0, 1, 1, 0, 0, 0, 1, 1, 0, 1, 0, 1, 1, 0, 0, 0, 1, 0, 0]

Decision variables:
- x[v,k] in {0,1}: equals 1 if vertex v is assigned color k, and 0 otherwise.
- y[k] in {0,1}: equals 1 if color k is used by at least one vertex, and 0 otherwise.

Objective:
- Minimize the number of used colors subject to an upper bound of 10 colors.

Constraints:
- For every vertex v in V, exactly one color must be assigned: sum_k x[v,k] = 1.
- For every edge (u,v) in E and every color k in K, adjacent vertices cannot share the same color: x[u,k] + x[v,k] <= 1.
- For every vertex v and color k, color-usage linking is enforced by x[v,k] <= y[k].
- All decision variables are binary.

Metadata:
- seed=7306
- group=B
- graph_generator=community_bridge_optimization
- visual_type=adjacency_matrix
- formulation_size=2463
- task_variant=min_colors
- max_clique_size=8
- degeneracy=7

Visual interpretation:
- The figure is a square adjacency matrix indexed by numeric vertex identifiers.
- Black off-diagonal cells indicate edges and white off-diagonal cells indicate non-edges.
- Grey diagonal cells only mark self-reference positions and do not represent constraints.
- The visual reveals the full graph structure and all variant-specific public parameters, but it does not reveal a valid coloring assignment.
