Canonical specification for a deterministic medium-level graph coloring instance.

Interpretation:
- The graph is undirected and simple.
- Each vertex must receive exactly one color.
- Adjacent vertices must not share the same color.
- This is a decision K-colorability instance with a fixed number of available colors.
- There are no directed edges, hyperedges, or symmetry-breaking constraints.

Sets:
- Vertices V = [1, 2, 3, 4, 5, 6, 7, 8, 9, 10, 11, 12, 13, 14, 15, 16, 17, 18, 19, 20, 21, 22, 23, 24, 25, 26, 27, 28, 29, 30, 31]
- Colors K = [1, 2, 3, 4, 5, 6, 7]

Parameters:
- number_of_vertices = 31
- number_of_colors_available = 7
- chromatic_number = 7
- graph_density = 0.3484
- topology_type = random_regular_like_graph

Edge set E:
- (1, 2)
- (1, 4)
- (1, 8)
- (1, 9)
- (1, 11)
- (1, 19)
- (1, 23)
- (1, 24)
- (1, 29)
- (2, 6)
- (2, 10)
- (2, 11)
- (2, 14)
- (2, 15)
- (2, 18)
- (2, 20)
- (2, 23)
- (2, 24)
- (3, 4)
- (3, 5)
- (3, 8)
- (3, 10)
- (3, 11)
- (3, 13)
- (3, 18)
- (3, 23)
- (3, 24)
- (3, 25)
- (4, 6)
- (4, 12)
- (4, 23)
- (4, 24)
- (4, 27)
- (4, 31)
- (5, 7)
- (5, 12)
- (5, 13)
- (5, 14)
- (5, 15)
- (5, 17)
- (5, 20)
- (5, 24)
- (5, 26)
- (5, 27)
- (5, 29)
- (5, 30)
- (5, 31)
- (6, 9)
- (6, 10)
- (6, 13)
- (6, 18)
- (6, 19)
- (6, 20)
- (6, 23)
- (6, 24)
- (7, 8)
- (7, 10)
- (7, 17)
- (7, 20)
- (7, 21)
- (7, 22)
- (7, 23)
- (7, 27)
- (7, 28)
- (7, 31)
- (8, 10)
- (8, 13)
- (8, 15)
- (8, 16)
- (8, 18)
- (8, 21)
- (8, 22)
- (9, 15)
- (9, 19)
- (9, 28)
- (9, 31)
- (10, 12)
- (10, 13)
- (10, 17)
- (10, 19)
- (10, 25)
- (10, 28)
- (10, 29)
- (10, 30)
- (10, 31)
- (11, 12)
- (11, 13)
- (11, 19)
- (11, 27)
- (11, 30)
- (11, 31)
- (12, 15)
- (12, 16)
- (12, 20)
- (12, 22)
- (12, 23)
- (12, 24)
- (12, 27)
- (12, 28)
- (13, 14)
- (13, 15)
- (13, 20)
- (13, 22)
- (13, 23)
- (13, 24)
- (13, 26)
- (13, 29)
- (13, 30)
- (14, 15)
- (14, 16)
- (14, 17)
- (14, 20)
- (14, 24)
- (14, 27)
- (14, 29)
- (14, 30)
- (15, 20)
- (15, 21)
- (15, 24)
- (15, 27)
- (15, 28)
- (15, 29)
- (15, 30)
- (16, 20)
- (16, 26)
- (16, 27)
- (17, 26)
- (17, 27)
- (17, 28)
- (17, 29)
- (18, 20)
- (18, 29)
- (18, 30)
- (19, 23)
- (19, 24)
- (20, 21)
- (20, 24)
- (20, 26)
- (20, 28)
- (20, 30)
- (21, 22)
- (21, 24)
- (21, 25)
- (21, 27)
- (21, 29)
- (22, 25)
- (22, 26)
- (22, 29)
- (23, 25)
- (23, 28)
- (23, 31)
- (24, 25)
- (24, 28)
- (24, 30)
- (25, 27)
- (26, 27)
- (26, 28)
- (26, 29)
- (27, 31)
- (28, 29)
- (28, 30)
- (28, 31)

Adjacency list:
- N(1) = [2, 4, 8, 9, 11, 19, 23, 24, 29]
- N(2) = [1, 6, 10, 11, 14, 15, 18, 20, 23, 24]
- N(3) = [4, 5, 8, 10, 11, 13, 18, 23, 24, 25]
- N(4) = [1, 3, 6, 12, 23, 24, 27, 31]
- N(5) = [3, 7, 12, 13, 14, 15, 17, 20, 24, 26, 27, 29, 30, 31]
- N(6) = [2, 4, 9, 10, 13, 18, 19, 20, 23, 24]
- N(7) = [5, 8, 10, 17, 20, 21, 22, 23, 27, 28, 31]
- N(8) = [1, 3, 7, 10, 13, 15, 16, 18, 21, 22]
- N(9) = [1, 6, 15, 19, 28, 31]
- N(10) = [2, 3, 6, 7, 8, 12, 13, 17, 19, 25, 28, 29, 30, 31]
- N(11) = [1, 2, 3, 12, 13, 19, 27, 30, 31]
- N(12) = [4, 5, 10, 11, 15, 16, 20, 22, 23, 24, 27, 28]
- N(13) = [3, 5, 6, 8, 10, 11, 14, 15, 20, 22, 23, 24, 26, 29, 30]
- N(14) = [2, 5, 13, 15, 16, 17, 20, 24, 27, 29, 30]
- N(15) = [2, 5, 8, 9, 12, 13, 14, 20, 21, 24, 27, 28, 29, 30]
- N(16) = [8, 12, 14, 20, 26, 27]
- N(17) = [5, 7, 10, 14, 26, 27, 28, 29]
- N(18) = [2, 3, 6, 8, 20, 29, 30]
- N(19) = [1, 6, 9, 10, 11, 23, 24]
- N(20) = [2, 5, 6, 7, 12, 13, 14, 15, 16, 18, 21, 24, 26, 28, 30]
- N(21) = [7, 8, 15, 20, 22, 24, 25, 27, 29]
- N(22) = [7, 8, 12, 13, 21, 25, 26, 29]
- N(23) = [1, 2, 3, 4, 6, 7, 12, 13, 19, 25, 28, 31]
- N(24) = [1, 2, 3, 4, 5, 6, 12, 13, 14, 15, 19, 20, 21, 25, 28, 30]
- N(25) = [3, 10, 21, 22, 23, 24, 27]
- N(26) = [5, 13, 16, 17, 20, 22, 27, 28, 29]
- N(27) = [4, 5, 7, 11, 12, 14, 15, 16, 17, 21, 25, 26, 31]
- N(28) = [7, 9, 10, 12, 15, 17, 20, 23, 24, 26, 29, 30, 31]
- N(29) = [1, 5, 10, 13, 14, 15, 17, 18, 21, 22, 26, 28]
- N(30) = [5, 10, 11, 13, 14, 15, 18, 20, 24, 28]
- N(31) = [4, 5, 7, 9, 10, 11, 23, 27, 28]

Adjacency matrix rows (0/1 form, with diagonal omitted from constraints):
- row 1: [0, 1, 0, 1, 0, 0, 0, 1, 1, 0, 1, 0, 0, 0, 0, 0, 0, 0, 1, 0, 0, 0, 1, 1, 0, 0, 0, 0, 1, 0, 0]
- row 2: [1, 0, 0, 0, 0, 1, 0, 0, 0, 1, 1, 0, 0, 1, 1, 0, 0, 1, 0, 1, 0, 0, 1, 1, 0, 0, 0, 0, 0, 0, 0]
- row 3: [0, 0, 0, 1, 1, 0, 0, 1, 0, 1, 1, 0, 1, 0, 0, 0, 0, 1, 0, 0, 0, 0, 1, 1, 1, 0, 0, 0, 0, 0, 0]
- row 4: [1, 0, 1, 0, 0, 1, 0, 0, 0, 0, 0, 1, 0, 0, 0, 0, 0, 0, 0, 0, 0, 0, 1, 1, 0, 0, 1, 0, 0, 0, 1]
- row 5: [0, 0, 1, 0, 0, 0, 1, 0, 0, 0, 0, 1, 1, 1, 1, 0, 1, 0, 0, 1, 0, 0, 0, 1, 0, 1, 1, 0, 1, 1, 1]
- row 6: [0, 1, 0, 1, 0, 0, 0, 0, 1, 1, 0, 0, 1, 0, 0, 0, 0, 1, 1, 1, 0, 0, 1, 1, 0, 0, 0, 0, 0, 0, 0]
- row 7: [0, 0, 0, 0, 1, 0, 0, 1, 0, 1, 0, 0, 0, 0, 0, 0, 1, 0, 0, 1, 1, 1, 1, 0, 0, 0, 1, 1, 0, 0, 1]
- row 8: [1, 0, 1, 0, 0, 0, 1, 0, 0, 1, 0, 0, 1, 0, 1, 1, 0, 1, 0, 0, 1, 1, 0, 0, 0, 0, 0, 0, 0, 0, 0]
- row 9: [1, 0, 0, 0, 0, 1, 0, 0, 0, 0, 0, 0, 0, 0, 1, 0, 0, 0, 1, 0, 0, 0, 0, 0, 0, 0, 0, 1, 0, 0, 1]
- row 10: [0, 1, 1, 0, 0, 1, 1, 1, 0, 0, 0, 1, 1, 0, 0, 0, 1, 0, 1, 0, 0, 0, 0, 0, 1, 0, 0, 1, 1, 1, 1]
- row 11: [1, 1, 1, 0, 0, 0, 0, 0, 0, 0, 0, 1, 1, 0, 0, 0, 0, 0, 1, 0, 0, 0, 0, 0, 0, 0, 1, 0, 0, 1, 1]
- row 12: [0, 0, 0, 1, 1, 0, 0, 0, 0, 1, 1, 0, 0, 0, 1, 1, 0, 0, 0, 1, 0, 1, 1, 1, 0, 0, 1, 1, 0, 0, 0]
- row 13: [0, 0, 1, 0, 1, 1, 0, 1, 0, 1, 1, 0, 0, 1, 1, 0, 0, 0, 0, 1, 0, 1, 1, 1, 0, 1, 0, 0, 1, 1, 0]
- row 14: [0, 1, 0, 0, 1, 0, 0, 0, 0, 0, 0, 0, 1, 0, 1, 1, 1, 0, 0, 1, 0, 0, 0, 1, 0, 0, 1, 0, 1, 1, 0]
- row 15: [0, 1, 0, 0, 1, 0, 0, 1, 1, 0, 0, 1, 1, 1, 0, 0, 0, 0, 0, 1, 1, 0, 0, 1, 0, 0, 1, 1, 1, 1, 0]
- row 16: [0, 0, 0, 0, 0, 0, 0, 1, 0, 0, 0, 1, 0, 1, 0, 0, 0, 0, 0, 1, 0, 0, 0, 0, 0, 1, 1, 0, 0, 0, 0]
- row 17: [0, 0, 0, 0, 1, 0, 1, 0, 0, 1, 0, 0, 0, 1, 0, 0, 0, 0, 0, 0, 0, 0, 0, 0, 0, 1, 1, 1, 1, 0, 0]
- row 18: [0, 1, 1, 0, 0, 1, 0, 1, 0, 0, 0, 0, 0, 0, 0, 0, 0, 0, 0, 1, 0, 0, 0, 0, 0, 0, 0, 0, 1, 1, 0]
- row 19: [1, 0, 0, 0, 0, 1, 0, 0, 1, 1, 1, 0, 0, 0, 0, 0, 0, 0, 0, 0, 0, 0, 1, 1, 0, 0, 0, 0, 0, 0, 0]
- row 20: [0, 1, 0, 0, 1, 1, 1, 0, 0, 0, 0, 1, 1, 1, 1, 1, 0, 1, 0, 0, 1, 0, 0, 1, 0, 1, 0, 1, 0, 1, 0]
- row 21: [0, 0, 0, 0, 0, 0, 1, 1, 0, 0, 0, 0, 0, 0, 1, 0, 0, 0, 0, 1, 0, 1, 0, 1, 1, 0, 1, 0, 1, 0, 0]
- row 22: [0, 0, 0, 0, 0, 0, 1, 1, 0, 0, 0, 1, 1, 0, 0, 0, 0, 0, 0, 0, 1, 0, 0, 0, 1, 1, 0, 0, 1, 0, 0]
- row 23: [1, 1, 1, 1, 0, 1, 1, 0, 0, 0, 0, 1, 1, 0, 0, 0, 0, 0, 1, 0, 0, 0, 0, 0, 1, 0, 0, 1, 0, 0, 1]
- row 24: [1, 1, 1, 1, 1, 1, 0, 0, 0, 0, 0, 1, 1, 1, 1, 0, 0, 0, 1, 1, 1, 0, 0, 0, 1, 0, 0, 1, 0, 1, 0]
- row 25: [0, 0, 1, 0, 0, 0, 0, 0, 0, 1, 0, 0, 0, 0, 0, 0, 0, 0, 0, 0, 1, 1, 1, 1, 0, 0, 1, 0, 0, 0, 0]
- row 26: [0, 0, 0, 0, 1, 0, 0, 0, 0, 0, 0, 0, 1, 0, 0, 1, 1, 0, 0, 1, 0, 1, 0, 0, 0, 0, 1, 1, 1, 0, 0]
- row 27: [0, 0, 0, 1, 1, 0, 1, 0, 0, 0, 1, 1, 0, 1, 1, 1, 1, 0, 0, 0, 1, 0, 0, 0, 1, 1, 0, 0, 0, 0, 1]
- row 28: [0, 0, 0, 0, 0, 0, 1, 0, 1, 1, 0, 1, 0, 0, 1, 0, 1, 0, 0, 1, 0, 0, 1, 1, 0, 1, 0, 0, 1, 1, 1]
- row 29: [1, 0, 0, 0, 1, 0, 0, 0, 0, 1, 0, 0, 1, 1, 1, 0, 1, 1, 0, 0, 1, 1, 0, 0, 0, 1, 0, 1, 0, 0, 0]
- row 30: [0, 0, 0, 0, 1, 0, 0, 0, 0, 1, 1, 0, 1, 1, 1, 0, 0, 1, 0, 1, 0, 0, 0, 1, 0, 0, 0, 1, 0, 0, 0]
- row 31: [0, 0, 0, 1, 1, 0, 1, 0, 1, 1, 1, 0, 0, 0, 0, 0, 0, 0, 0, 0, 0, 0, 1, 0, 0, 0, 1, 1, 0, 0, 0]

Decision variables:
- x[v,k] in {0,1}: equals 1 if vertex v is assigned color k, and 0 otherwise.

Objective:
- Determine whether a feasible coloring exists using at most K = 7 colors.

Constraints:
- For every vertex v in V, exactly one color must be assigned: sum_k x[v,k] = 1.
- For every edge (u,v) in E and every color k in K, adjacent vertices cannot share the same color: x[u,k] + x[v,k] <= 1.
- All decision variables are binary.

Metadata:
- seed=7305
- group=B
- graph_generator=community_bridge_optimization
- visual_type=adjacency_matrix
- formulation_size=1382
- task_variant=decision
- max_clique_size=7
- degeneracy=7

Visual interpretation:
- The figure is a square adjacency matrix indexed by numeric vertex identifiers.
- Black off-diagonal cells indicate edges and white off-diagonal cells indicate non-edges.
- Grey diagonal cells only mark self-reference positions and do not represent constraints.
- The visual reveals the full graph structure and all variant-specific public parameters, but it does not reveal a valid coloring assignment.
